# /home/AMD/feizheng/work/tags/rocm-3.9.0-pre/rocFFT/scripts/perf/timing.py -w /home/AMD/feizheng/work/tags/rocm-3.8.0/rocFFT/build/clients/staging/rocfft-rider -o /home/AMD/feizheng/work/tags/rocm-3.9.0-pre/rocFFT/scripts/perf/MI60_rocFFT_rocm3.8/radix2_dim2_double_n1_inv_ratio_1_r2c_outofplace.dat -N 10 -b 1 -x 256 -X 32768 -y 256 -Y 32768 -r 2 -D 1 -d 2 -f double -R
# dimension	xlength	ylength	nbatch	nsample	samples ...
2	256	256	1	10	7.7656e-05	6.5704e-05	6.4952e-05	6.355e-05	6.3971e-05	6.378e-05	6.403100000000001e-05	6.3379e-05	6.408999999999999e-05	6.361999999999999e-05
2	512	512	1	10	8.2526e-05	7.869900000000001e-05	7.772600000000001e-05	7.8899e-05	7.822800000000001e-05	7.8828e-05	7.749599999999999e-05	7.907899999999999e-05	7.833800000000001e-05	7.8438e-05
2	1024	1024	1	10	0.000205848	0.000196961	0.000195679	0.00019633999999999998	0.000195399	0.00019289400000000001	0.00019114000000000002	0.000192543	0.000193004	0.000240864
2	2048	2048	1	10	0.000736909	0.000654424	0.0006531820000000001	0.000657751	0.000652841	0.000656538	0.000656148	0.000668451	0.0006550249999999999	0.000658562
2	4096	4096	1	10	0.00300277	0.00278421	0.00287318	0.00283131	0.00293839	0.00291644	0.00294019	0.0033179900000000003	0.00269967	0.00284991
2	8192	8192	1	10	0.011748300000000001	0.011769600000000002	0.012303900000000001	0.012273899999999999	0.012399100000000001	0.0121975	0.012233599999999999	0.0122098	0.0122377	0.012289300000000001
2	16384	16384	1	10	0.052308900000000005	0.0526682	0.0522914	0.051952	0.0519207	0.0522765	0.0524935	0.052192	0.052303300000000004	0.0523867
2	32768	32768	1	10	0.232536	0.23252799999999998	0.232725	0.232654	0.232795	0.24238700000000002	0.23297700000000002	0.23287100000000002	0.232839	0.23262100000000002
