#transA,transB,M,N,K,alpha,lda,beta,ldb,ldc,ldd,batch_count,rocblas-Gflops,us
N   	N   	41   	47   	78   	1   	41   	1   	78   	41   	41   	1   	 10.8134   	 27.8
N   	N   	53   	46   	396   	1   	53   	1   	396   	53   	53   	1   	 20.5633   	 93.9
N   	N   	32   	75   	5520   	1   	32   	1   	5520   	32   	32   	1   	 24.3485   	 1088.2
N   	N   	45   	210   	47   	1   	45   	1   	47   	45   	45   	1   	 47.25   	 18.8
N   	N   	69   	206   	463   	1   	69   	1   	463   	69   	69   	1   	 120.976   	 108.8
N   	N   	39   	582   	2996   	1   	39   	1   	2996   	39   	39   	1   	 213.31   	 637.6
N   	N   	61   	6208   	51   	1   	61   	1   	51   	61   	61   	1   	 1106.77   	 34.9
N   	N   	46   	4927   	320   	1   	46   	1   	320   	46   	46   	1   	 1493.83   	 97.1
N   	N   	23   	6411   	3070   	1   	23   	1   	3070   	23   	23   	1   	 1672.26   	 541.4
N   	N   	524   	61   	25   	1   	524   	1   	25   	524   	524   	1   	 99.8875   	 16
N   	N   	466   	77   	508   	1   	466   	1   	508   	466   	466   	1   	 307.647   	 118.5
N   	N   	816   	37   	5116   	1   	816   	1   	5116   	816   	816   	1   	 304.9   	 1013.2
N   	N   	723   	434   	51   	1   	723   	1   	51   	723   	723   	1   	 917.071   	 34.9
N   	N   	616   	721   	314   	1   	616   	1   	314   	616   	616   	1   	 1583.86   	 176.1
N   	N   	588   	502   	5994   	1   	588   	1   	5994   	588   	588   	1   	 1951.78   	 1813
N   	N   	677   	6086   	61   	1   	677   	1   	61   	677   	677   	1   	 1753.29   	 286.7
N   	N   	647   	6037   	497   	1   	647   	1   	497   	647   	647   	1   	 2849.54   	 1362.5
N   	N   	274   	3172   	4196   	1   	274   	1   	4196   	274   	274   	1   	 2276.16   	 3204.4
N   	N   	3323   	54   	22   	1   	3323   	1   	22   	3323   	3323   	1   	 417.749   	 18.9
N   	N   	4358   	35   	459   	1   	4358   	1   	459   	4358   	4358   	1   	 661.107   	 211.8
N   	N   	2531   	33   	5367   	1   	2531   	1   	5367   	2531   	2531   	1   	 845.549   	 1060.3
N   	N   	6468   	222   	60   	1   	6468   	1   	60   	6468   	6468   	1   	 1434.7   	 120.1
N   	N   	5182   	233   	447   	1   	5182   	1   	447   	5182   	5182   	1   	 1999.67   	 539.8
N   	N   	4587   	243   	2941   	1   	4587   	1   	2941   	4587   	4587   	1   	 2303.37   	 2846.4
N   	N   	3101   	3872   	45   	1   	3101   	1   	45   	3101   	3101   	1   	 1918.4   	 563.3
N   	N   	3044   	4837   	852   	1   	3044   	1   	852   	3044   	3044   	1   	 3264.04   	 7686.6
N   	N   	6741   	4170   	5565   	1   	6741   	1   	5565   	6741   	6741   	1   	 3276.4   	 95490.1
N   	N   	67   	67   	75   	1   	67   	2   	75   	67   	67   	1   	 22.6717   	 29.7
N   	N   	64   	31   	741   	1   	64   	2   	741   	64   	64   	1   	 17.6171   	 166.9
N   	N   	54   	50   	4136   	1   	54   	2   	4136   	54   	54   	1   	 26.7254   	 835.7
N   	N   	30   	247   	29   	1   	30   	2   	29   	30   	30   	1   	 26.3669   	 16.3
N   	N   	23   	814   	846   	1   	23   	2   	846   	23   	23   	1   	 166.724   	 190
N   	N   	24   	480   	5723   	1   	24   	2   	5723   	24   	24   	1   	 117.583   	 1121.4
N   	N   	40   	4283   	43   	1   	40   	2   	43   	40   	40   	1   	 541.674   	 27.2
N   	N   	24   	6649   	733   	1   	24   	2   	733   	24   	24   	1   	 1659.14   	 141
N   	N   	37   	2123   	4448   	1   	37   	2   	4448   	37   	37   	1   	 567.107   	 1232.2
N   	N   	394   	28   	58   	1   	394   	2   	58   	394   	394   	1   	 54.9233   	 23.3
N   	N   	748   	78   	850   	1   	748   	2   	850   	748   	748   	1   	 522.575   	 189.8
N   	N   	824   	63   	6136   	1   	824   	2   	6136   	824   	824   	1   	 534.002   	 1193
N   	N   	610   	759   	51   	1   	610   	2   	51   	610   	610   	1   	 942.614   	 50.1
N   	N   	279   	650   	422   	1   	279   	2   	422   	279   	279   	1   	 1505.01   	 101.7
N   	N   	618   	578   	2568   	1   	618   	2   	2568   	618   	618   	1   	 1515.32   	 1210.7
N   	N   	842   	6589   	50   	1   	842   	2   	50   	842   	842   	1   	 2011.58   	 275.8
N   	N   	285   	3833   	452   	1   	285   	2   	452   	285   	285   	1   	 2664.69   	 370.6
N   	N   	683   	2859   	6038   	1   	683   	2   	6038   	683   	683   	1   	 2997.28   	 7867.4
N   	N   	4837   	60   	68   	1   	4837   	2   	68   	4837   	4837   	1   	 999.238   	 39.5
N   	N   	5043   	23   	305   	1   	5043   	2   	305   	5043   	5043   	1   	 492.368   	 143.7
N   	N   	5457   	33   	3140   	1   	5457   	2   	3140   	5457   	5457   	1   	 902.777   	 1252.7
N   	N   	2731   	465   	27   	1   	2731   	2   	27   	2731   	2731   	1   	 965.851   	 71
N   	N   	6971   	276   	240   	1   	6971   	2   	240   	6971   	6971   	1   	 1920   	 481
N   	N   	6607   	774   	2755   	1   	6607   	2   	2755   	6607   	6607   	1   	 3099.11   	 9092
N   	N   	3012   	2635   	61   	1   	3012   	2   	61   	3012   	3012   	1   	 2095.82   	 462
N   	N   	4219   	6249   	778   	1   	4219   	2   	778   	4219   	4219   	1   	 3339.86   	 12282.9
N   	N   	3301   	5146   	6861   	1   	3301   	2   	6861   	3301   	3301   	1   	 3276.09   	 71150.4
N   	T   	27   	26   	24   	1   	27   	1   	26   	27   	27   	1   	 2.17394   	 15.5
N   	T   	58   	60   	758   	1   	58   	1   	758   	58   	58   	1   	 32.1884   	 163.9
N   	T   	24   	45   	2774   	1   	24   	1   	2774   	24   	24   	1   	 9.62235   	 622.7
N   	T   	42   	860   	65   	1   	42   	1   	860   	42   	42   	1   	 199.813   	 23.5
N   	T   	71   	823   	691   	1   	71   	1   	823   	71   	71   	1   	 525.745   	 153.6
N   	T   	40   	437   	3239   	1   	40   	1   	3239   	40   	40   	1   	 170.125   	 665.6
N   	T   	53   	5912   	31   	1   	53   	1   	5912   	53   	53   	1   	 574.758   	 33.8
N   	T   	44   	3958   	880   	1   	44   	1   	3958   	44   	44   	1   	 1291.1   	 237.4
N   	T   	28   	3594   	2198   	1   	28   	1   	3594   	28   	28   	1   	 423.612   	 1044.3
N   	T   	263   	51   	33   	1   	263   	1   	51   	263   	263   	1   	 52.6939   	 16.8
N   	T   	461   	38   	460   	1   	461   	1   	460   	461   	461   	1   	 143.898   	 112
N   	T   	277   	65   	2499   	1   	277   	1   	2499   	277   	277   	1   	 173.724   	 518
N   	T   	388   	469   	53   	1   	388   	1   	469   	388   	388   	1   	 686.442   	 28.1
N   	T   	455   	591   	211   	1   	455   	1   	591   	455   	455   	1   	 1336.61   	 84.9
N   	T   	693   	722   	6178   	1   	693   	1   	6178   	693   	693   	1   	 1544.8   	 4002
N   	T   	456   	4848   	49   	1   	456   	1   	4848   	456   	456   	1   	 1464.82   	 147.9
N   	T   	897   	4833   	865   	1   	897   	1   	4833   	897   	897   	1   	 3073.98   	 2439.8
N   	T   	801   	5217   	4379   	1   	801   	1   	5217   	801   	801   	1   	 2746.9   	 13323.4
N   	T   	3383   	41   	60   	1   	3383   	1   	60   	3383   	3383   	1   	 714.35   	 23.3
N   	T   	2158   	56   	831   	1   	2158   	1   	831   	2158   	2158   	1   	 877.455   	 228.9
N   	T   	2763   	40   	3154   	1   	2763   	1   	3154   	2763   	2763   	1   	 1067.46   	 653.1
N   	T   	2503   	760   	29   	1   	2503   	1   	760   	2503   	2503   	1   	 1409.1   	 78.3
N   	T   	2124   	668   	831   	1   	2124   	1   	831   	2124   	2124   	1   	 2258.72   	 1044
N   	T   	5322   	445   	2468   	1   	5322   	1   	2468   	5322   	5322   	1   	 3000.33   	 3896.2
N   	T   	4878   	2768   	31   	1   	4878   	1   	2768   	4878   	4878   	1   	 1994.62   	 419.7
N   	T   	3157   	5521   	438   	1   	3157   	1   	5521   	3157   	3157   	1   	 3271.73   	 4666.8
N   	T   	3952   	5798   	3647   	1   	3952   	1   	5798   	3952   	3952   	1   	 3265.28   	 51184.7
N   	T   	26   	75   	60   	1   	26   	2   	75   	26   	26   	1   	 9.47368   	 24.7
N   	T   	21   	59   	660   	1   	21   	2   	660   	21   	21   	1   	 11.1789   	 146.3
N   	T   	49   	23   	6966   	1   	49   	2   	6966   	49   	49   	1   	 11.1658   	 1406.2
N   	T   	32   	568   	79   	1   	32   	2   	568   	32   	32   	1   	 105.581   	 27.2
N   	T   	51   	661   	414   	1   	51   	2   	661   	51   	51   	1   	 291.974   	 95.6
N   	T   	55   	808   	2868   	1   	55   	2   	2868   	55   	55   	1   	 430.733   	 591.8
N   	T   	32   	6268   	75   	1   	32   	2   	6268   	32   	32   	1   	 1094.05   	 27.5
N   	T   	21   	4267   	246   	1   	21   	2   	4267   	21   	21   	1   	 804.501   	 54.8
N   	T   	26   	6916   	2679   	1   	26   	2   	6916   	26   	26   	1   	 2023.64   	 476.1
N   	T   	743   	57   	74   	1   	743   	2   	74   	743   	743   	1   	 242.944   	 25.8
N   	T   	243   	26   	539   	1   	243   	2   	539   	243   	243   	1   	 51.9512   	 131.1
N   	T   	803   	36   	4297   	1   	803   	2   	4297   	803   	803   	1   	 289.687   	 857.6
N   	T   	615   	714   	64   	1   	615   	2   	714   	615   	615   	1   	 1398.16   	 40.2
N   	T   	841   	646   	681   	1   	841   	2   	681   	841   	841   	1   	 2073.29   	 356.9
N   	T   	745   	797   	6094   	1   	745   	2   	6094   	745   	745   	1   	 1832.57   	 3949
N   	T   	808   	2262   	33   	1   	808   	2   	2262   	808   	808   	1   	 1595.61   	 75.6
N   	T   	324   	4733   	689   	1   	324   	2   	4733   	324   	324   	1   	 2499.29   	 845.5
N   	T   	459   	6861   	4067   	1   	459   	2   	6861   	459   	459   	1   	 3035.13   	 8439.7
N   	T   	6319   	41   	78   	1   	6319   	2   	78   	6319   	6319   	1   	 937.734   	 43.1
N   	T   	4257   	35   	852   	1   	4257   	2   	852   	4257   	4257   	1   	 841.244   	 301.8
N   	T   	3470   	64   	5756   	1   	3470   	2   	5756   	3470   	3470   	1   	 988.396   	 2586.6
N   	T   	6285   	480   	59   	1   	6285   	2   	480   	6285   	6285   	1   	 2012.34   	 176.9
N   	T   	5754   	286   	294   	1   	5754   	2   	294   	5754   	5754   	1   	 2291.9   	 422.2
N   	T   	6117   	470   	5008   	1   	6117   	2   	5008   	6117   	6117   	1   	 2947.29   	 9770.3
N   	T   	2174   	6748   	26   	1   	2174   	2   	6748   	2174   	2174   	1   	 1223.3   	 623.6
N   	T   	6851   	3948   	336   	1   	6851   	2   	3948   	6851   	6851   	1   	 3284.26   	 5534.3
N   	T   	6854   	2953   	4569   	1   	6854   	2   	4569   	6854   	6854   	1   	 3291.47   	 56191.2
T   	N   	78   	55   	42   	1   	42   	1   	42   	78   	78   	1   	 16.7609   	 21.5
T   	N   	23   	67   	587   	1   	587   	1   	587   	23   	23   	1   	 12.6336   	 143.2
T   	N   	20   	33   	4123   	1   	4123   	1   	4123   	20   	20   	1   	 6.14886   	 885.1
T   	N   	66   	466   	51   	1   	51   	1   	51   	66   	66   	1   	 158.44   	 19.8
T   	N   	36   	687   	813   	1   	813   	1   	813   	36   	36   	1   	 208.472   	 192.9
T   	N   	29   	403   	4568   	1   	4568   	1   	4568   	29   	29   	1   	 108.663   	 982.6
T   	N   	45   	4976   	75   	1   	75   	1   	75   	45   	45   	1   	 825.258   	 40.7
T   	N   	50   	5862   	700   	1   	700   	1   	700   	50   	50   	1   	 1623.18   	 252.8
T   	N   	43   	2438   	4880   	1   	4880   	1   	4880   	43   	43   	1   	 964.172   	 1061.2
T   	N   	760   	46   	65   	1   	65   	1   	65   	760   	760   	1   	 189.367   	 24
T   	N   	895   	44   	398   	1   	398   	1   	398   	895   	895   	1   	 310.669   	 100.9
T   	N   	647   	56   	3451   	1   	3451   	1   	3451   	647   	647   	1   	 321.142   	 778.7
T   	N   	323   	450   	68   	1   	68   	1   	68   	323   	323   	1   	 769.167   	 25.7
T   	N   	592   	453   	469   	1   	469   	1   	469   	592   	592   	1   	 1457.41   	 172.6
T   	N   	811   	213   	4136   	1   	4136   	1   	4136   	811   	811   	1   	 1544.96   	 924.9
T   	N   	896   	4942   	26   	1   	26   	1   	26   	896   	896   	1   	 1555.8   	 148
T   	N   	871   	2584   	892   	1   	892   	1   	892   	871   	871   	1   	 2916.53   	 1376.7
T   	N   	836   	2195   	5038   	1   	5038   	1   	5038   	836   	836   	1   	 2133.24   	 8667.4
T   	N   	3891   	55   	61   	1   	61   	1   	61   	3891   	3891   	1   	 770.165   	 33.9
T   	N   	4392   	24   	453   	1   	453   	1   	453   	4392   	4392   	1   	 572.883   	 166.7
T   	N   	5810   	53   	4636   	1   	4636   	1   	4636   	5810   	5810   	1   	 1326.36   	 2152.6
T   	N   	2574   	524   	39   	1   	39   	1   	39   	2574   	2574   	1   	 1196.87   	 87.9
T   	N   	4382   	765   	617   	1   	617   	1   	617   	4382   	4382   	1   	 2377.93   	 1739.6
T   	N   	2993   	626   	4447   	1   	4447   	1   	4447   	2993   	2993   	1   	 2197.95   	 7581.6
T   	N   	2216   	5311   	76   	1   	76   	1   	76   	2216   	2216   	1   	 2575.09   	 694.7
T   	N   	4440   	5641   	806   	1   	806   	1   	806   	4440   	4440   	1   	 3351   	 12048.4
T   	N   	6842   	6144   	3971   	1   	3971   	1   	3971   	6842   	6842   	1   	 2634.01   	 126750
T   	N   	42   	29   	59   	1   	59   	2   	59   	42   	42   	1   	 5.86629   	 24.5
T   	N   	75   	34   	549   	1   	549   	2   	549   	75   	75   	1   	 20.8481   	 134.3
T   	N   	46   	61   	4006   	1   	4006   	2   	4006   	46   	46   	1   	 25.626   	 877.3
T   	N   	57   	327   	36   	1   	36   	2   	36   	57   	57   	1   	 75.8197   	 17.7
T   	N   	74   	424   	413   	1   	413   	2   	413   	74   	74   	1   	 249.678   	 103.8
T   	N   	44   	600   	2623   	1   	2623   	2   	2623   	44   	44   	1   	 232.451   	 595.8
T   	N   	27   	3183   	36   	1   	36   	2   	36   	27   	27   	1   	 329.136   	 18.8
T   	N   	73   	2390   	835   	1   	835   	2   	835   	73   	73   	1   	 984.008   	 296.1
T   	N   	36   	4408   	4339   	1   	4339   	2   	4339   	36   	36   	1   	 1019.16   	 1351.2
T   	N   	767   	43   	51   	1   	51   	2   	51   	767   	767   	1   	 157.199   	 21.4
T   	N   	759   	43   	716   	1   	716   	2   	716   	759   	759   	1   	 271.564   	 172.1
T   	N   	205   	56   	2842   	1   	2842   	2   	2842   	205   	205   	1   	 101.229   	 644.6
T   	N   	426   	242   	50   	1   	50   	2   	50   	426   	426   	1   	 472.899   	 21.8
T   	N   	285   	863   	354   	1   	354   	2   	354   	285   	285   	1   	 1297.59   	 134.2
T   	N   	608   	755   	4680   	1   	4680   	2   	4680   	608   	608   	1   	 2963.8   	 1449.7
T   	N   	349   	6299   	31   	1   	31   	2   	31   	349   	349   	1   	 1337.56   	 101.9
T   	N   	324   	6022   	641   	1   	641   	2   	641   	324   	324   	1   	 2430.85   	 1029
T   	N   	644   	5987   	6837   	1   	6837   	2   	6837   	644   	644   	1   	 1958.64   	 26917.6
T   	N   	4988   	65   	34   	1   	34   	2   	34   	4988   	4988   	1   	 798.803   	 27.6
T   	N   	2910   	61   	463   	1   	463   	2   	463   	2910   	2910   	1   	 967.477   	 169.9
T   	N   	6576   	28   	5303   	1   	5303   	2   	5303   	6576   	6576   	1   	 1200.58   	 1626.6
T   	N   	6392   	674   	57   	1   	57   	2   	57   	6392   	6392   	1   	 1697.08   	 289.4
T   	N   	3250   	220   	497   	1   	497   	2   	497   	3250   	3250   	1   	 1592.81   	 446.2
T   	N   	5514   	531   	6620   	1   	6620   	2   	6620   	5514   	5514   	1   	 1757.79   	 22053.7
T   	N   	2612   	6058   	45   	1   	45   	2   	45   	2612   	2612   	1   	 2355.47   	 604.6
T   	N   	5893   	2412   	273   	1   	273   	2   	273   	5893   	5893   	1   	 2520.39   	 3079.2
T   	N   	4590   	3058   	2475   	1   	2475   	2   	2475   	4590   	4590   	1   	 2608.29   	 26637.9
T   	T   	21   	56   	29   	1   	29   	1   	56   	21   	21   	1   	 3.7684   	 18.1
T   	T   	23   	20   	499   	1   	499   	1   	499   	23   	23   	1   	 3.72328   	 123.3
T   	T   	39   	38   	3798   	1   	3798   	1   	3798   	39   	39   	1   	 13.6072   	 827.3
T   	T   	30   	868   	33   	1   	33   	1   	868   	30   	30   	1   	 94.9525   	 18.1
T   	T   	20   	586   	628   	1   	628   	1   	628   	20   	20   	1   	 81.825   	 179.9
T   	T   	79   	653   	4758   	1   	4758   	1   	4758   	79   	79   	1   	 486.62   	 1008.8
T   	T   	26   	4111   	77   	1   	77   	1   	4111   	26   	26   	1   	 407.437   	 40.4
T   	T   	75   	2751   	730   	1   	730   	1   	2751   	75   	75   	1   	 1151.51   	 261.6
T   	T   	42   	5386   	6171   	1   	6171   	1   	6171   	42   	42   	1   	 1504.02   	 1856.3
T   	T   	623   	35   	28   	1   	28   	1   	35   	623   	623   	1   	 72.6833   	 16.8
T   	T   	336   	20   	830   	1   	830   	1   	830   	336   	336   	1   	 56.482   	 197.5
T   	T   	300   	24   	6553   	1   	6553   	1   	6553   	300   	300   	1   	 70.3888   	 1340.6
T   	T   	393   	349   	63   	1   	63   	1   	349   	393   	393   	1   	 672.443   	 25.7
T   	T   	566   	295   	399   	1   	399   	1   	399   	566   	566   	1   	 1296.13   	 102.8
T   	T   	532   	472   	4859   	1   	4859   	1   	4859   	532   	532   	1   	 1635.98   	 1491.6
T   	T   	874   	5798   	78   	1   	78   	1   	5798   	874   	874   	1   	 2358.36   	 335.2
T   	T   	722   	5209   	360   	1   	360   	1   	5209   	722   	722   	1   	 2725.84   	 993.4
T   	T   	445   	3627   	5842   	1   	5842   	1   	5842   	445   	445   	1   	 2368.43   	 7962.3
T   	T   	5871   	50   	56   	1   	56   	1   	56   	5871   	5871   	1   	 952.974   	 34.5
T   	T   	3029   	56   	769   	1   	769   	1   	769   	3029   	3029   	1   	 957.364   	 272.5
T   	T   	5699   	22   	2393   	1   	2393   	1   	2393   	5699   	5699   	1   	 753.654   	 796.2
T   	T   	3435   	741   	40   	1   	40   	1   	741   	3435   	3435   	1   	 1470.23   	 138.5
T   	T   	5258   	362   	668   	1   	668   	1   	668   	5258   	5258   	1   	 2135.49   	 1190.8
T   	T   	6929   	347   	5083   	1   	5083   	1   	5083   	6929   	6929   	1   	 2446.18   	 9992.2
T   	T   	3305   	5217   	23   	1   	23   	1   	5217   	3305   	3305   	1   	 1549.71   	 511.8
T   	T   	5869   	6859   	224   	1   	224   	1   	6859   	5869   	5869   	1   	 3314.91   	 5440.4
T   	T   	5049   	3756   	5258   	1   	5258   	1   	5258   	5049   	5049   	1   	 2624.65   	 75982
T   	T   	41   	38   	31   	1   	31   	2   	38   	41   	41   	1   	 5.30747   	 18.2
T   	T   	41   	70   	861   	1   	861   	2   	861   	41   	41   	1   	 24.3455   	 203
T   	T   	74   	72   	2678   	1   	2678   	2   	2678   	74   	74   	1   	 47.0981   	 605.9
T   	T   	20   	711   	78   	1   	78   	2   	711   	20   	20   	1   	 77.2934   	 28.7
T   	T   	66   	863   	840   	1   	840   	2   	863   	66   	66   	1   	 511.982   	 186.9
T   	T   	20   	509   	4835   	1   	4835   	2   	4835   	20   	20   	1   	 95.8246   	 1027.3
T   	T   	22   	6932   	65   	1   	65   	2   	6932   	22   	22   	1   	 543.165   	 36.5
T   	T   	69   	2984   	633   	1   	633   	2   	2984   	69   	69   	1   	 1144.27   	 227.8
T   	T   	32   	6341   	2834   	1   	2834   	2   	6341   	32   	32   	1   	 1226.12   	 938
T   	T   	325   	78   	48   	1   	48   	2   	78   	325   	325   	1   	 122.291   	 19.9
T   	T   	496   	65   	354   	1   	354   	2   	354   	496   	496   	1   	 253.059   	 90.2
T   	T   	645   	22   	3896   	1   	3896   	2   	3896   	645   	645   	1   	 130.788   	 845.4
T   	T   	549   	298   	22   	1   	22   	2   	298   	549   	549   	1   	 420.964   	 17.1
T   	T   	365   	257   	379   	1   	379   	2   	379   	365   	365   	1   	 742.215   	 95.8
T   	T   	604   	823   	4361   	1   	4361   	2   	4361   	604   	604   	1   	 1754.04   	 2471.8
T   	T   	212   	6000   	29   	1   	29   	2   	6000   	212   	212   	1   	 1096.23   	 67.3
T   	T   	870   	4239   	894   	1   	894   	2   	4239   	870   	870   	1   	 3091.14   	 2133.2
T   	T   	487   	4015   	4368   	1   	4368   	2   	4368   	487   	487   	1   	 2371.68   	 7202.3
T   	T   	2281   	66   	66   	1   	66   	2   	66   	2281   	2281   	1   	 596.759   	 33.3
T   	T   	4733   	24   	480   	1   	480   	2   	480   	4733   	4733   	1   	 623.49   	 174.9
T   	T   	5560   	55   	6234   	1   	6234   	2   	6234   	5560   	5560   	1   	 2035.84   	 1872.8
T   	T   	2308   	792   	44   	1   	44   	2   	792   	2308   	2308   	1   	 1395.13   	 115.3
T   	T   	6772   	772   	559   	1   	559   	2   	772   	6772   	6772   	1   	 2435.98   	 2399.4
T   	T   	3455   	292   	6132   	1   	6132   	2   	6132   	3455   	3455   	1   	 2004.29   	 6173.1
T   	T   	4617   	6985   	68   	1   	68   	2   	6985   	4617   	4617   	1   	 2887.4   	 1519
T   	T   	3606   	5030   	580   	1   	580   	2   	5030   	3606   	3606   	1   	 3312.02   	 6352.7
T   	T   	6135   	4128   	3340   	1   	3340   	2   	4128   	6135   	6135   	1   	 2665.83   	 63459.8
