# /home/AMD/feizheng/work/tags/rocm-3.9.0-pre/rocFFT/scripts/perf/timing.py -w /home/AMD/feizheng/work/tags/rocm-3.8.0/rocFFT/build/clients/staging/rocfft-rider -o /home/AMD/feizheng/work/tags/rocm-3.9.0-pre/rocFFT/scripts/perf/MI60_rocFFT_rocm3.8/radix2_dim2_double_n1_ratio_1_r2c_inplace.dat -N 10 -b 1 -x 256 -X 32768 -y 256 -Y 32768 -r 2 -D -1 -d 2 -f double -R
# dimension	xlength	ylength	nbatch	nsample	samples ...
2	256	256	1	10	0.000110668	8.7315e-05	9.7594e-05	8.6914e-05	9.694300000000001e-05	8.6042e-05	0.000103946	7.379e-05	8.2235e-05	7.421e-05
2	512	512	1	10	0.000111159	0.00010628100000000001	0.000100921	7.977099999999999e-05	7.931000000000001e-05	8.039200000000001e-05	7.958e-05	8.2917e-05	8.0662e-05	8.0462e-05
2	1024	1024	1	10	0.000419331	0.000190058	0.000189447	0.00019092000000000002	0.000192704	0.000189086	0.000189457	0.000190439	0.000193675	0.00016946
2	2048	2048	1	10	0.00072636	0.0006571190000000001	0.0006553360000000001	0.0006501559999999999	0.000645627	0.000648293	0.000598769	0.000647832	0.0006453170000000001	0.0006543139999999999
2	4096	4096	1	10	0.0027605	0.0029845500000000003	0.00271223	0.00285839	0.00302804	0.00363391	0.0027508	0.00284997	0.0027452200000000005	0.00341173
2	8192	8192	1	10	0.0121184	0.011652	0.0123354	0.0116236	0.0123895	0.0122196	0.0118733	0.0124901	0.0120607	0.012429299999999999
2	16384	16384	1	10	0.0520802	0.0522313	0.0521564	0.0521472	0.0518776	0.0522924	0.05236590000000001	0.0523814	0.052290100000000006	0.0519503
2	32768	32768	1	10	0.23211400000000001	0.23196	0.232072	0.23245	0.231667	0.232207	0.232712	0.23174799999999998	0.231813	0.231959
