# /home/AMD/feizheng/work/tags/rocm-3.9.0-pre/rocFFT/scripts/perf/timing.py -w /home/AMD/feizheng/work/tags/rocm-3.8.0/rocFFT/build/clients/staging/rocfft-rider -o /home/AMD/feizheng/work/tags/rocm-3.9.0-pre/rocFFT/scripts/perf/MI60_rocFFT_rocm3.8/radix2_dim2_double_n1_inv_ratio_1_r2c_inplace.dat -N 10 -b 1 -x 256 -X 32768 -y 256 -Y 32768 -r 2 -D 1 -d 2 -f double -R
# dimension	xlength	ylength	nbatch	nsample	samples ...
2	256	256	1	10	9.332600000000001e-05	8.9459e-05	8.626300000000001e-05	9.052100000000001e-05	8.655300000000001e-05	8.7155e-05	8.702400000000001e-05	8.5792e-05	8.7615e-05	8.455e-05
2	512	512	1	10	0.000133101	0.000109195	8.6684e-05	8.8006e-05	8.801599999999999e-05	8.8948e-05	8.8236e-05	8.8307e-05	8.6012e-05	8.472e-05
2	1024	1024	1	10	0.000203614	0.000196631	0.000197853	0.00019894500000000001	0.000199407	0.000194627	0.000195408	0.000196511	0.00019469700000000002	0.000176012
2	2048	2048	1	10	0.0007393440000000001	0.000650547	0.000659394	0.000655937	0.000656147	0.000651608	0.000653432	0.000633385	0.000654143	0.0006529810000000001
2	4096	4096	1	10	0.00302401	0.00286505	0.0027643	0.00286308	0.00311939	0.0028745	0.0028117700000000003	0.0029731000000000002	0.00338291	0.00279887
2	8192	8192	1	10	0.0127895	0.0122146	0.012238	0.0122212	0.0125588	0.012185399999999999	0.012230000000000001	0.0127303	0.012734	0.0121443
2	16384	16384	1	10	0.052303100000000005	0.0522283	0.052498300000000005	0.0522719	0.052517600000000005	0.0523542	0.052031	0.0521371	0.0522989	0.052872
2	32768	32768	1	10	0.23272600000000002	0.232797	0.232231	0.23267300000000002	0.232523	0.23227	0.232157	0.233206	0.232769	0.232672
