# /home/AMD/feizheng/work/tags/rocm-3.5/rocFFT/scripts/perf/timing.py -b 1 -x 256 -X 32768 -y 256 -Y 32768 -r 2 -D 1 -d 2 -f double -I -R -N 10 -w /home/AMD/feizheng/work/tags/rocm-3.5/rocFFT/build/clients/staging -o /home/AMD/feizheng/work/tags/rocm-3.5/rocFFT/scripts/perf/dir0/radix2_dim2_double_n1_inv_ratio_1_r2c_inplace.dat
# dimension	xlength	ylength	nbatch	nsample	samples ...
2	256	256	1	10	0.16397	0.00010389500000000001	7.976999999999999e-05	7.7426e-05	7.811700000000001e-05	7.801700000000001e-05	7.8198e-05	8.1343e-05	7.7526e-05	7.924000000000001e-05
2	512	512	1	10	0.154869	8.4289e-05	7.8538e-05	7.8147e-05	7.901800000000001e-05	7.897899999999999e-05	7.907899999999999e-05	7.8468e-05	7.904799999999999e-05	7.8057e-05
2	1024	1024	1	10	0.157538	0.00017754400000000002	0.000173427	0.000171604	0.00017456900000000002	0.000168156	0.000168878	0.000168638	0.000167435	0.00016801700000000001
2	2048	2048	1	10	0.151842	0.000644664	0.00064774	0.0006312990000000001	0.000648361	0.000625168	0.000633403	0.00063196	0.000630548	0.000654693
2	4096	4096	1	10	0.185762	0.0028193199999999997	0.00271382	0.00252081	0.00250934	0.0025027	0.00250883	0.0025055100000000003	0.00250343	0.0025168499999999997
2	8192	8192	1	10	0.0884977	0.0111217	0.0111068	0.0111149	0.0111584	0.0111398	0.0111326	0.0111461	0.011142899999999999	0.0112172
2	16384	16384	1	10	0.0730903	0.051252000000000006	0.0512267	0.0512545	0.051217399999999996	0.0512104	0.0512123	0.0512111	0.051261400000000006	0.0512344
2	32768	32768	1	10	0.25115	0.231973	0.231829	0.231935	0.231933	0.23194800000000002	0.23195300000000002	0.232082	0.232157	0.23209700000000003
