#transA,transB,M,N,K,alpha,lda,beta,ldb,ldc,ldd,batch_count,rocblas-Gflops,us
N   	N   	49   	72   	49   	1   	49   	1   	49   	49   	49   	1   	 12.9492   	 26.7
N   	N   	48   	25   	252   	1   	48   	1   	252   	48   	48   	1   	 8.54237   	 70.8
N   	N   	36   	43   	3739   	1   	36   	1   	3739   	36   	36   	1   	 15.2677   	 758.2
N   	N   	50   	730   	33   	1   	50   	1   	33   	50   	50   	1   	 55.1259   	 43.7
N   	N   	36   	737   	574   	1   	36   	1   	574   	36   	36   	1   	 235.384   	 129.4
N   	N   	60   	831   	5820   	1   	60   	1   	5820   	60   	60   	1   	 501.964   	 1156.2
N   	N   	37   	5767   	78   	1   	37   	1   	78   	37   	37   	1   	 668.416   	 49.8
N   	N   	37   	4433   	821   	1   	37   	1   	821   	37   	37   	1   	 879.564   	 306.2
N   	N   	54   	2001   	2573   	1   	54   	1   	2573   	54   	54   	1   	 759.522   	 732.1
N   	N   	847   	45   	25   	1   	847   	1   	25   	847   	847   	1   	 56.3831   	 33.8
N   	N   	680   	51   	556   	1   	680   	1   	556   	680   	680   	1   	 86.778   	 444.4
N   	N   	314   	51   	2141   	1   	314   	1   	2141   	314   	314   	1   	 42.1152   	 1628.2
N   	N   	511   	871   	53   	1   	511   	1   	53   	511   	511   	1   	 1536.76   	 30.7
N   	N   	875   	602   	450   	1   	875   	1   	450   	875   	875   	1   	 3445.31   	 137.6
N   	N   	245   	736   	5175   	1   	245   	1   	5175   	245   	245   	1   	 2550.65   	 731.7
N   	N   	754   	2903   	74   	1   	754   	1   	74   	754   	754   	1   	 3016.31   	 107.4
N   	N   	596   	3744   	269   	1   	596   	1   	269   	596   	596   	1   	 4156.88   	 288.8
N   	N   	406   	4094   	4068   	1   	406   	1   	4068   	406   	406   	1   	 5152.74   	 2624.5
N   	N   	2465   	43   	55   	1   	2465   	1   	55   	2465   	2465   	1   	 201.025   	 58
N   	N   	3577   	27   	224   	1   	3577   	1   	224   	3577   	3577   	1   	 202.753   	 213.4
N   	N   	6560   	27   	2154   	1   	6560   	1   	2154   	6560   	6560   	1   	 380.413   	 2005.8
N   	N   	4192   	253   	49   	1   	4192   	1   	49   	4192   	4192   	1   	 2220.86   	 46.8
N   	N   	4705   	762   	703   	1   	4705   	1   	703   	4705   	4705   	1   	 5124.33   	 983.7
N   	N   	5948   	807   	4157   	1   	5948   	1   	4157   	5948   	5948   	1   	 5730.46   	 6964.1
N   	N   	2950   	2698   	21   	1   	2950   	1   	21   	2950   	2950   	1   	 1492.33   	 224
N   	N   	2588   	3288   	743   	1   	2588   	1   	743   	2588   	2588   	1   	 5711.33   	 2214
N   	N   	6496   	4633   	5061   	1   	6496   	1   	5061   	6496   	6496   	1   	 5979.12   	 50949.2
N   	N   	72   	28   	73   	1   	72   	2   	73   	72   	72   	1   	 10.4006   	 28.3
N   	N   	26   	68   	821   	1   	26   	2   	821   	26   	26   	1   	 16.164   	 179.6
N   	N   	33   	75   	5498   	1   	33   	2   	5498   	33   	33   	1   	 25.9414   	 1049.1
N   	N   	26   	354   	41   	1   	26   	2   	41   	26   	26   	1   	 17.3103   	 43.6
N   	N   	72   	336   	391   	1   	72   	2   	391   	72   	72   	1   	 350.336   	 54
N   	N   	37   	407   	5209   	1   	37   	2   	5209   	37   	37   	1   	 152.686   	 1027.5
N   	N   	36   	5031   	21   	1   	36   	2   	21   	36   	36   	1   	 191.127   	 39.8
N   	N   	64   	4426   	326   	1   	64   	2   	326   	64   	64   	1   	 1355.01   	 136.3
N   	N   	75   	4230   	6382   	1   	75   	2   	6382   	75   	75   	1   	 2526.76   	 1602.6
N   	N   	831   	60   	48   	1   	831   	2   	48   	831   	831   	1   	 88.3129   	 54.2
N   	N   	550   	36   	436   	1   	550   	2   	436   	550   	550   	1   	 46.0785   	 374.7
N   	N   	752   	30   	6023   	1   	752   	2   	6023   	752   	752   	1   	 57.299   	 4742.8
N   	N   	600   	821   	71   	1   	600   	2   	71   	600   	600   	1   	 1775.36   	 39.4
N   	N   	226   	642   	542   	1   	226   	2   	542   	226   	226   	1   	 1854.71   	 84.8
N   	N   	295   	585   	3854   	1   	295   	2   	3854   	295   	295   	1   	 2391.6   	 556.2
N   	N   	495   	3658   	61   	1   	495   	2   	61   	495   	495   	1   	 2620.48   	 84.3
N   	N   	834   	3121   	573   	1   	834   	2   	573   	834   	834   	1   	 4584.2   	 650.7
N   	N   	807   	3359   	5051   	1   	807   	2   	5051   	807   	807   	1   	 5659.88   	 4838.2
N   	N   	2611   	71   	42   	1   	2611   	2   	42   	2611   	2611   	1   	 692.089   	 22.5
N   	N   	5255   	28   	804   	1   	5255   	2   	804   	5255   	5255   	1   	 302.018   	 783.4
N   	N   	5482   	61   	3920   	1   	5482   	2   	3920   	5482   	5482   	1   	 484.766   	 5408.2
N   	N   	6648   	812   	41   	1   	6648   	2   	41   	6648   	6648   	1   	 2727.36   	 162.3
N   	N   	6126   	367   	447   	1   	6126   	2   	447   	6126   	6126   	1   	 4323.36   	 464.9
N   	N   	4558   	200   	5244   	1   	4558   	2   	5244   	4558   	4558   	1   	 4494.79   	 2127.1
N   	N   	4346   	6728   	41   	1   	4346   	2   	41   	4346   	4346   	1   	 3111.84   	 770.5
N   	N   	5362   	4118   	314   	1   	5362   	2   	314   	5362   	5362   	1   	 5604.51   	 2474.2
N   	N   	3481   	3709   	4740   	1   	3481   	2   	4740   	3481   	3481   	1   	 5881.54   	 20810.3
N   	T   	20   	74   	28   	1   	20   	1   	74   	20   	20   	1   	 3.94667   	 21
N   	T   	32   	68   	718   	1   	32   	1   	718   	32   	32   	1   	 16.5243   	 189.1
N   	T   	33   	34   	3809   	1   	33   	1   	3809   	33   	33   	1   	 7.88069   	 1084.6
N   	T   	59   	303   	67   	1   	59   	1   	303   	59   	59   	1   	 10.8052   	 221.7
N   	T   	67   	499   	328   	1   	67   	1   	499   	67   	67   	1   	 467.634   	 46.9
N   	T   	79   	322   	3587   	1   	79   	1   	3587   	79   	79   	1   	 17.2413   	 10584.6
N   	T   	45   	6691   	32   	1   	45   	1   	6691   	45   	45   	1   	 64.5564   	 298.5
N   	T   	32   	5872   	547   	1   	32   	1   	5872   	32   	32   	1   	 437.098   	 470.3
N   	T   	79   	6891   	3385   	1   	79   	1   	6891   	79   	79   	1   	 16.8559   	 218648
N   	T   	813   	51   	59   	1   	813   	1   	59   	813   	813   	1   	 14.3018   	 342.1
N   	T   	353   	46   	567   	1   	353   	1   	567   	353   	353   	1   	 23.7292   	 776
N   	T   	649   	40   	2217   	1   	649   	1   	2217   	649   	649   	1   	 25.1561   	 4575.7
N   	T   	423   	327   	30   	1   	423   	1   	327   	423   	423   	1   	 39.389   	 210.7
N   	T   	236   	577   	794   	1   	236   	1   	794   	236   	236   	1   	 25.5474   	 8464.3
N   	T   	434   	696   	6644   	1   	434   	1   	6644   	434   	434   	1   	 28.3787   	 141438
N   	T   	553   	5417   	39   	1   	553   	1   	5417   	553   	553   	1   	 2386.69   	 97.9
N   	T   	571   	5171   	591   	1   	571   	1   	5171   	571   	571   	1   	 4797.94   	 727.4
N   	T   	214   	4843   	5994   	1   	214   	1   	5994   	214   	214   	1   	 23.5506   	 527560
N   	T   	4535   	34   	31   	1   	4535   	1   	34   	4535   	4535   	1   	 15.4839   	 617.4
N   	T   	2207   	73   	337   	1   	2207   	1   	337   	2207   	2207   	1   	 24.7152   	 4393.6
N   	T   	4003   	31   	5610   	1   	4003   	1   	5610   	4003   	4003   	1   	 28.382   	 49056.5
N   	T   	5845   	728   	34   	1   	5845   	1   	728   	5845   	5845   	1   	 23.7367   	 12190
N   	T   	5242   	512   	292   	1   	5242   	1   	512   	5242   	5242   	1   	 26.8363   	 58406
N   	T   	6562   	894   	5484   	1   	6562   	1   	5484   	6562   	6562   	1   	 29.4061   	 2.18808e+06
N   	T   	4448   	2629   	69   	1   	4448   	1   	2629   	4448   	4448   	1   	 16.1495   	 99925.1
N   	T   	4329   	3860   	330   	1   	4329   	1   	3860   	4329   	4329   	1   	 25.8107   	 427286
N   	T   	3391   	3193   	3543   	1   	3391   	1   	3543   	3391   	3391   	1   	 29.3954   	 2.61005e+06
N   	T   	50   	27   	21   	1   	50   	2   	27   	50   	50   	1   	 0.20403   	 277.9
N   	T   	38   	65   	611   	1   	38   	2   	611   	38   	38   	1   	 7.73933   	 390
N   	T   	25   	20   	3545   	1   	25   	2   	3545   	25   	25   	1   	 3.80039   	 932.8
N   	T   	39   	624   	33   	1   	39   	2   	624   	39   	39   	1   	 6.10481   	 263.1
N   	T   	25   	623   	438   	1   	25   	2   	623   	25   	25   	1   	 42.1232   	 323.9
N   	T   	63   	577   	5542   	1   	63   	2   	5542   	63   	63   	1   	 27.8194   	 14483.2
N   	T   	78   	2396   	32   	1   	78   	2   	2396   	78   	78   	1   	 51.5998   	 231.8
N   	T   	68   	3508   	266   	1   	68   	2   	3508   	68   	68   	1   	 1696.6   	 74.8
N   	T   	46   	4791   	3294   	1   	46   	2   	4791   	46   	46   	1   	 19.6357   	 73942.1
N   	T   	228   	67   	51   	1   	228   	2   	67   	228   	228   	1   	 99.2454   	 15.7
N   	T   	534   	40   	851   	1   	534   	2   	851   	534   	534   	1   	 20.9997   	 1731.2
N   	T   	417   	51   	6037   	1   	417   	2   	6037   	417   	417   	1   	 26.1692   	 9812.2
N   	T   	474   	549   	63   	1   	474   	2   	549   	474   	474   	1   	 1008.88   	 32.5
N   	T   	699   	816   	833   	1   	699   	2   	833   	699   	699   	1   	 26.527   	 35822.3
N   	T   	606   	364   	5809   	1   	606   	2   	5809   	606   	606   	1   	 27.1819   	 94281.3
N   	T   	834   	4867   	77   	1   	834   	2   	4867   	834   	834   	1   	 3309.15   	 188.9
N   	T   	671   	2825   	225   	1   	671   	2   	2825   	671   	671   	1   	 3945.46   	 216.2
N   	T   	805   	5076   	6753   	1   	805   	2   	6753   	805   	805   	1   	 28.6067   	 1.9292e+06
N   	T   	4284   	67   	48   	1   	4284   	2   	67   	4284   	4284   	1   	 27.6598   	 996.2
N   	T   	6135   	52   	445   	1   	6135   	2   	445   	6135   	6135   	1   	 28.8421   	 9844.2
N   	T   	6404   	70   	2934   	1   	6404   	2   	2934   	6404   	6404   	1   	 31.6736   	 83050.4
N   	T   	6393   	384   	71   	1   	6393   	2   	384   	6393   	6393   	1   	 16.5594   	 21051.3
N   	T   	3216   	469   	850   	1   	3216   	2   	850   	3216   	3216   	1   	 26.9393   	 95181.1
N   	T   	5954   	368   	4344   	1   	5954   	2   	4344   	5954   	5954   	1   	 32.2471   	 590317
N   	T   	6375   	4269   	41   	1   	6375   	2   	4269   	6375   	6375   	1   	 27.7488   	 80422.3
N   	T   	4639   	2207   	638   	1   	4639   	2   	2207   	4639   	4639   	1   	 29.2637   	 446424
N   	T   	6437   	3233   	5935   	1   	6437   	2   	5935   	6437   	6437   	1   	 29.4107   	 8.39914e+06
T   	N   	53   	64   	73   	1   	73   	1   	73   	53   	53   	1   	 2.10111   	 235.7
T   	N   	23   	55   	392   	1   	392   	1   	392   	23   	23   	1   	 3.00898   	 329.6
T   	N   	49   	28   	3447   	1   	3447   	1   	3447   	49   	49   	1   	 10.1825   	 928.9
T   	N   	46   	483   	40   	1   	40   	1   	40   	46   	46   	1   	 8.82542   	 201.4
T   	N   	60   	418   	640   	1   	640   	1   	640   	60   	60   	1   	 85.3333   	 376.2
T   	N   	25   	202   	3447   	1   	3447   	1   	3447   	25   	25   	1   	 34.8217   	 999.8
T   	N   	39   	6213   	74   	1   	74   	1   	74   	39   	39   	1   	 128.72   	 278.6
T   	N   	52   	4314   	521   	1   	521   	1   	521   	52   	52   	1   	 553.909   	 422
T   	N   	29   	5515   	6622   	1   	6622   	1   	6622   	29   	29   	1   	 1236.03   	 1713.7
T   	N   	796   	57   	43   	1   	43   	1   	43   	796   	796   	1   	 14.046   	 277.8
T   	N   	350   	47   	457   	1   	457   	1   	457   	350   	350   	1   	 45.6307   	 329.5
T   	N   	643   	26   	2487   	1   	2487   	1   	2487   	643   	643   	1   	 101.052   	 822.9
T   	N   	774   	865   	37   	1   	37   	1   	37   	774   	774   	1   	 1403.51   	 35.3
T   	N   	844   	509   	321   	1   	321   	1   	321   	844   	844   	1   	 3004.36   	 91.8
T   	N   	372   	438   	4069   	1   	4069   	1   	4069   	372   	372   	1   	 2005.1   	 661.3
T   	N   	262   	6927   	45   	1   	45   	1   	45   	262   	262   	1   	 2110.32   	 77.4
T   	N   	711   	5842   	355   	1   	355   	1   	355   	711   	711   	1   	 4363.22   	 675.9
T   	N   	831   	3033   	5989   	1   	5989   	1   	5989   	831   	831   	1   	 5457.86   	 5531.4
T   	N   	5678   	50   	75   	1   	75   	1   	75   	5678   	5678   	1   	 150.318   	 283.3
T   	N   	3064   	58   	859   	1   	859   	1   	859   	3064   	3064   	1   	 597.825   	 510.7
T   	N   	3708   	33   	2974   	1   	2974   	1   	2974   	3708   	3708   	1   	 644.774   	 1128.8
T   	N   	4175   	522   	63   	1   	63   	1   	63   	4175   	4175   	1   	 2804.88   	 97.9
T   	N   	2420   	605   	472   	1   	472   	1   	472   	2420   	2420   	1   	 4190.75   	 329.8
T   	N   	3925   	717   	4094   	1   	4094   	1   	4094   	3925   	3925   	1   	 4027.14   	 5721.9
T   	N   	5742   	5892   	66   	1   	66   	1   	66   	5742   	5742   	1   	 3853.15   	 1159
T   	N   	6849   	2143   	591   	1   	591   	1   	591   	6849   	6849   	1   	 5695.38   	 3046.1
T   	N   	4363   	6521   	6538   	1   	6538   	1   	6538   	4363   	4363   	1   	 5403.32   	 68851.5
T   	N   	66   	47   	48   	1   	48   	2   	48   	66   	66   	1   	 1.06014   	 280.9
T   	N   	24   	60   	887   	1   	887   	2   	887   	24   	24   	1   	 6.04916   	 422.3
T   	N   	47   	67   	2039   	1   	2039   	2   	2039   	47   	47   	1   	 19.7929   	 648.8
T   	N   	54   	496   	40   	1   	40   	2   	40   	54   	54   	1   	 9.69557   	 221
T   	N   	74   	296   	621   	1   	621   	2   	621   	74   	74   	1   	 301.94   	 90.1
T   	N   	66   	670   	4488   	1   	4488   	2   	4488   	66   	66   	1   	 625.463   	 634.6
T   	N   	35   	3662   	31   	1   	31   	2   	31   	35   	35   	1   	 31.1263   	 255.3
T   	N   	60   	5632   	720   	1   	720   	2   	720   	60   	60   	1   	 1024.43   	 475
T   	N   	22   	6971   	5262   	1   	5262   	2   	5262   	22   	22   	1   	 1133.1   	 1424.4
T   	N   	561   	78   	31   	1   	31   	2   	31   	561   	561   	1   	 11.7293   	 231.3
T   	N   	632   	34   	808   	1   	808   	2   	808   	632   	632   	1   	 83.1926   	 417.4
T   	N   	256   	61   	6151   	1   	6151   	2   	6151   	256   	256   	1   	 122.627   	 1566.6
T   	N   	650   	476   	23   	1   	23   	2   	23   	650   	650   	1   	 61.3201   	 232.1
T   	N   	365   	202   	828   	1   	828   	2   	828   	365   	365   	1   	 1065.42   	 114.6
T   	N   	885   	634   	3375   	1   	3375   	2   	3375   	885   	885   	1   	 3969.56   	 954.1
T   	N   	212   	5073   	75   	1   	75   	2   	75   	212   	212   	1   	 2344.79   	 68.8
T   	N   	558   	6534   	495   	1   	495   	2   	495   	558   	558   	1   	 4689.51   	 769.7
T   	N   	613   	3928   	6105   	1   	6105   	2   	6105   	613   	613   	1   	 5173.96   	 5682.3
T   	N   	4044   	33   	64   	1   	64   	2   	64   	4044   	4044   	1   	 61.0939   	 279.6
T   	N   	2421   	36   	556   	1   	556   	2   	556   	2421   	2421   	1   	 232.082   	 417.6
T   	N   	6706   	42   	4205   	1   	4205   	2   	4205   	6706   	6706   	1   	 1017.61   	 2327.7
T   	N   	5260   	358   	51   	1   	51   	2   	51   	5260   	5260   	1   	 2362.54   	 81.3
T   	N   	3698   	783   	692   	1   	692   	2   	692   	3698   	3698   	1   	 4722.95   	 848.5
T   	N   	4243   	562   	4534   	1   	4534   	2   	4534   	4243   	4243   	1   	 5230.97   	 4133.7
T   	N   	3640   	2952   	51   	1   	51   	2   	51   	3640   	3640   	1   	 3172.27   	 345.5
T   	N   	2794   	6657   	396   	1   	396   	2   	396   	2794   	2794   	1   	 5513.07   	 2672
T   	N   	5629   	2820   	3242   	1   	3242   	2   	3242   	5629   	5629   	1   	 5523.45   	 18634.3
T   	T   	63   	21   	28   	1   	28   	1   	28   	63   	63   	1   	 5.18098   	 14.3
T   	T   	21   	20   	694   	1   	694   	1   	694   	21   	21   	1   	 9.20948   	 63.3
T   	T   	38   	36   	4911   	1   	4911   	1   	4911   	38   	38   	1   	 35.5745   	 377.7
T   	T   	45   	685   	23   	1   	23   	1   	685   	45   	45   	1   	 116.225   	 12.2
T   	T   	54   	396   	771   	1   	771   	1   	771   	54   	54   	1   	 485.628   	 67.9
T   	T   	38   	435   	6670   	1   	6670   	1   	6670   	38   	38   	1   	 383.963   	 574.3
T   	T   	56   	2161   	35   	1   	35   	1   	2161   	56   	56   	1   	 501.25   	 16.9
T   	T   	66   	6593   	848   	1   	848   	1   	6593   	66   	66   	1   	 2613.29   	 282.4
T   	T   	27   	6235   	3617   	1   	3617   	1   	6235   	27   	27   	1   	 1920.53   	 634.1
T   	T   	475   	76   	25   	1   	25   	1   	76   	475   	475   	1   	 129.856   	 13.9
T   	T   	201   	37   	275   	1   	275   	1   	275   	201   	201   	1   	 128.627   	 31.8
T   	T   	841   	53   	2824   	1   	2824   	1   	2824   	841   	841   	1   	 1011.85   	 248.8
T   	T   	620   	261   	56   	1   	56   	1   	261   	620   	620   	1   	 854.898   	 21.2
T   	T   	295   	404   	853   	1   	853   	1   	853   	295   	295   	1   	 2017.07   	 100.8
T   	T   	297   	845   	6706   	1   	6706   	1   	6706   	297   	297   	1   	 3276.49   	 1027.3
T   	T   	603   	3933   	59   	1   	59   	1   	3933   	603   	603   	1   	 2310.89   	 121.1
T   	T   	359   	5022   	375   	1   	375   	1   	5022   	359   	359   	1   	 3856.74   	 350.6
T   	T   	761   	6644   	5026   	1   	5026   	1   	6644   	761   	761   	1   	 5149.53   	 9869.6
T   	T   	3639   	66   	71   	1   	71   	1   	71   	3639   	3639   	1   	 1136.82   	 30
T   	T   	6311   	76   	237   	1   	237   	1   	237   	6311   	6311   	1   	 2520.48   	 90.2
T   	T   	6356   	63   	6442   	1   	6442   	1   	6442   	6356   	6356   	1   	 3110.9   	 1658.4
T   	T   	4268   	220   	20   	1   	20   	1   	220   	4268   	4268   	1   	 975.543   	 38.5
T   	T   	4108   	478   	282   	1   	282   	1   	478   	4108   	4108   	1   	 3914.75   	 282.9
T   	T   	5563   	810   	6435   	1   	6435   	1   	6435   	5563   	5563   	1   	 5029.89   	 11529.6
T   	T   	5129   	4949   	34   	1   	34   	1   	4949   	5129   	5129   	1   	 1912.55   	 902.5
T   	T   	5546   	2473   	646   	1   	646   	1   	2473   	5546   	5546   	1   	 5182.84   	 3419
T   	T   	3290   	6137   	4993   	1   	4993   	1   	6137   	3290   	3290   	1   	 5212.09   	 38684
T   	T   	55   	79   	69   	1   	69   	2   	79   	55   	55   	1   	 36.34   	 16.5
T   	T   	54   	23   	690   	1   	690   	2   	690   	54   	54   	1   	 27.5556   	 62.2
T   	T   	38   	45   	3607   	1   	3607   	2   	3607   	38   	38   	1   	 44.8906   	 274.8
T   	T   	45   	674   	69   	1   	69   	2   	674   	45   	45   	1   	 258.367   	 16.2
T   	T   	34   	207   	660   	1   	660   	2   	660   	34   	34   	1   	 147.932   	 62.8
T   	T   	31   	616   	6743   	1   	6743   	2   	6743   	31   	31   	1   	 439.319   	 586.2
T   	T   	48   	4008   	23   	1   	23   	2   	4008   	48   	48   	1   	 517.524   	 17.1
T   	T   	39   	6875   	327   	1   	327   	2   	6875   	39   	39   	1   	 1439.69   	 121.8
T   	T   	24   	3385   	3077   	1   	3077   	2   	3385   	24   	24   	1   	 1362.64   	 366.9
T   	T   	308   	39   	20   	1   	20   	2   	39   	308   	308   	1   	 38.4384   	 12.5
T   	T   	668   	77   	628   	1   	628   	2   	628   	668   	668   	1   	 971.483   	 66.5
T   	T   	601   	37   	5657   	1   	5657   	2   	5657   	601   	601   	1   	 516.399   	 487.2
T   	T   	464   	574   	42   	1   	42   	2   	574   	464   	464   	1   	 947.976   	 23.6
T   	T   	263   	476   	398   	1   	398   	2   	476   	263   	263   	1   	 1818.42   	 54.8
T   	T   	807   	776   	4400   	1   	4400   	2   	4400   	807   	807   	1   	 4259.09   	 1293.9
T   	T   	666   	2810   	54   	1   	54   	2   	2810   	666   	666   	1   	 2154.77   	 93.8
T   	T   	724   	5786   	646   	1   	646   	2   	5786   	724   	724   	1   	 4733.49   	 1143.4
T   	T   	854   	6352   	5854   	1   	5854   	2   	6352   	854   	854   	1   	 5137.87   	 12361.4
T   	T   	3266   	54   	26   	1   	26   	2   	54   	3266   	3266   	1   	 477.653   	 19.2
T   	T   	5364   	41   	637   	1   	637   	2   	637   	5364   	5364   	1   	 1603.8   	 174.7
T   	T   	4284   	26   	6535   	1   	6535   	2   	6535   	4284   	4284   	1   	 1654.68   	 879.8
T   	T   	5084   	559   	76   	1   	76   	2   	559   	5084   	5084   	1   	 2838.22   	 152.2
T   	T   	2705   	806   	366   	1   	366   	2   	806   	2705   	2705   	1   	 4022   	 396.8
T   	T   	3895   	345   	4655   	1   	4655   	2   	4655   	3895   	3895   	1   	 4910.33   	 2547.8
T   	T   	3560   	5296   	21   	1   	21   	2   	5296   	3560   	3560   	1   	 1681.94   	 470.8
T   	T   	6744   	3364   	692   	1   	692   	2   	3364   	6744   	6744   	1   	 5160.93   	 6083.9
T   	T   	3832   	5918   	6344   	1   	6344   	2   	6344   	3832   	3832   	1   	 5260.91   	 54693.1
