#transA,transB,M,N,K,alpha,lda,beta,ldb,ldc,ldd,batch_count,rocblas-Gflops,us
N   	N   	71   	61   	52   	1   	71   	1   	52   	71   	71   	1   	 18.1623   	 24.8
N   	N   	21   	67   	870   	1   	21   	1   	870   	21   	21   	1   	 12.8244   	 190.9
N   	N   	71   	46   	2517   	1   	71   	1   	2517   	71   	71   	1   	 30.8752   	 532.5
N   	N   	73   	236   	47   	1   	73   	1   	47   	73   	73   	1   	 67.1963   	 24.1
N   	N   	63   	330   	791   	1   	63   	1   	791   	63   	63   	1   	 185.504   	 177.3
N   	N   	30   	397   	4383   	1   	30   	1   	4383   	30   	30   	1   	 114.54   	 911.5
N   	N   	22   	2206   	26   	1   	22   	1   	26   	22   	22   	1   	 242.66   	 10.4
N   	N   	52   	5865   	540   	1   	52   	1   	540   	52   	52   	1   	 4739.26   	 69.5
N   	N   	77   	4708   	5118   	1   	77   	1   	5118   	77   	77   	1   	 2493.59   	 1488.1
N   	N   	428   	27   	52   	1   	428   	1   	52   	428   	428   	1   	 108.272   	 11.1
N   	N   	441   	39   	716   	1   	441   	1   	716   	441   	441   	1   	 221.683   	 111.1
N   	N   	601   	76   	4785   	1   	601   	1   	4785   	601   	601   	1   	 447.96   	 975.8
N   	N   	448   	379   	21   	1   	448   	1   	21   	448   	448   	1   	 361.993   	 19.7
N   	N   	455   	446   	847   	1   	455   	1   	847   	455   	455   	1   	 1802.64   	 190.7
N   	N   	804   	440   	5885   	1   	804   	1   	5885   	804   	804   	1   	 3093.89   	 1345.8
N   	N   	532   	3735   	30   	1   	532   	1   	30   	532   	532   	1   	 4082.92   	 29.2
N   	N   	692   	6083   	626   	1   	692   	1   	626   	692   	692   	1   	 10076.9   	 523
N   	N   	210   	3291   	2013   	1   	210   	1   	2013   	210   	210   	1   	 3536.81   	 786.7
N   	N   	2967   	67   	54   	1   	2967   	1   	54   	2967   	2967   	1   	 737.774   	 29.1
N   	N   	6705   	40   	575   	1   	6705   	1   	575   	6705   	6705   	1   	 2467.44   	 125
N   	N   	6914   	78   	4132   	1   	6914   	1   	4132   	6914   	6914   	1   	 6220.98   	 716.4
N   	N   	6346   	843   	64   	1   	6346   	1   	64   	6346   	6346   	1   	 7719.94   	 88.7
N   	N   	5572   	693   	576   	1   	5572   	1   	576   	5572   	5572   	1   	 9351.12   	 475.7
N   	N   	2386   	468   	4465   	1   	2386   	1   	4465   	2386   	2386   	1   	 4146.74   	 2404.7
N   	N   	3597   	5848   	73   	1   	3597   	1   	73   	3597   	3597   	1   	 4547.15   	 675.4
N   	N   	6738   	4831   	702   	1   	6738   	1   	702   	6738   	6738   	1   	 12646.2   	 3613.9
N   	N   	2944   	5702   	2990   	1   	2944   	1   	2990   	2944   	2944   	1   	 12317.1   	 8150
N   	N   	32   	63   	48   	1   	32   	2   	48   	32   	32   	1   	 9.30462   	 20.8
N   	N   	42   	39   	844   	1   	42   	2   	844   	42   	42   	1   	 52.9683   	 52.2
N   	N   	67   	46   	3209   	1   	67   	2   	3209   	67   	67   	1   	 29.8345   	 663
N   	N   	45   	686   	54   	1   	45   	2   	54   	45   	45   	1   	 144.327   	 23.1
N   	N   	50   	740   	563   	1   	50   	2   	563   	50   	50   	1   	 456.82   	 91.2
N   	N   	34   	353   	3883   	1   	34   	2   	3883   	34   	34   	1   	 109.579   	 850.6
N   	N   	45   	3059   	47   	1   	45   	2   	47   	45   	45   	1   	 575.092   	 22.5
N   	N   	75   	3763   	329   	1   	75   	2   	329   	75   	75   	1   	 2306.88   	 80.5
N   	N   	55   	2579   	3480   	1   	55   	2   	3480   	55   	55   	1   	 1291.02   	 764.7
N   	N   	708   	47   	67   	1   	708   	2   	67   	708   	708   	1   	 181.999   	 24.5
N   	N   	301   	35   	811   	1   	301   	2   	811   	301   	301   	1   	 96.4321   	 177.2
N   	N   	831   	58   	6672   	1   	831   	2   	6672   	831   	831   	1   	 479.501   	 1341.3
N   	N   	541   	758   	76   	1   	541   	2   	76   	541   	541   	1   	 1745.99   	 35.7
N   	N   	542   	445   	533   	1   	542   	2   	533   	542   	542   	1   	 2257.32   	 113.9
N   	N   	672   	506   	6654   	1   	672   	2   	6654   	672   	672   	1   	 6232.98   	 726
N   	N   	529   	5413   	73   	1   	529   	2   	73   	529   	529   	1   	 3545.95   	 117.9
N   	N   	458   	6874   	794   	1   	458   	2   	794   	458   	458   	1   	 9208.86   	 542.9
N   	N   	525   	3007   	4506   	1   	525   	2   	4506   	525   	525   	1   	 4586.7   	 3101.8
N   	N   	4155   	59   	53   	1   	4155   	2   	53   	4155   	4155   	1   	 905.414   	 28.7
N   	N   	5463   	61   	840   	1   	5463   	2   	840   	5463   	5463   	1   	 2363.23   	 236.9
N   	N   	4974   	35   	3549   	1   	4974   	2   	3549   	4974   	4974   	1   	 1382.2   	 894
N   	N   	3344   	563   	55   	1   	3344   	2   	55   	3344   	3344   	1   	 2945.86   	 70.3
N   	N   	5577   	299   	462   	1   	5577   	2   	462   	5577   	5577   	1   	 5091.84   	 302.6
N   	N   	5054   	686   	5990   	1   	5054   	2   	5990   	5054   	5054   	1   	 10516.3   	 3949.6
N   	N   	5163   	6812   	67   	1   	5163   	2   	67   	5163   	5163   	1   	 4770.55   	 987.9
N   	N   	6407   	2924   	705   	1   	6407   	2   	705   	6407   	6407   	1   	 7796.42   	 3388.1
N   	N   	3840   	6981   	5021   	1   	3840   	2   	5021   	3840   	3840   	1   	 6003.59   	 44839.2
N   	T   	75   	63   	36   	1   	75   	1   	63   	75   	75   	1   	 16.5951   	 20.5
N   	T   	60   	64   	639   	1   	60   	1   	639   	60   	60   	1   	 44.2119   	 111
N   	T   	44   	68   	3110   	1   	44   	1   	3110   	44   	44   	1   	 153.804   	 121
N   	T   	43   	295   	58   	1   	43   	1   	295   	43   	43   	1   	 63.9765   	 23
N   	T   	70   	737   	824   	1   	70   	1   	824   	70   	70   	1   	 1130.59   	 75.2
N   	T   	67   	782   	6895   	1   	67   	1   	6895   	67   	67   	1   	 433.499   	 1666.7
N   	T   	27   	3794   	78   	1   	27   	1   	3794   	27   	27   	1   	 603.031   	 26.5
N   	T   	23   	3539   	370   	1   	23   	1   	3539   	23   	23   	1   	 844.794   	 71.3
N   	T   	67   	2395   	4383   	1   	67   	1   	4383   	67   	67   	1   	 1177.69   	 1194.4
N   	T   	296   	64   	43   	1   	296   	1   	64   	296   	296   	1   	 75.0776   	 21.7
N   	T   	330   	28   	776   	1   	330   	1   	776   	330   	330   	1   	 274.722   	 52.2
N   	T   	394   	78   	4312   	1   	394   	1   	4312   	394   	394   	1   	 1640.05   	 161.6
N   	T   	213   	669   	79   	1   	213   	1   	669   	213   	213   	1   	 812.799   	 27.7
N   	T   	874   	839   	419   	1   	874   	1   	839   	874   	874   	1   	 3879.38   	 158.4
N   	T   	291   	472   	4822   	1   	291   	1   	4822   	291   	291   	1   	 1105.33   	 1198.4
N   	T   	453   	2880   	48   	1   	453   	1   	2880   	453   	453   	1   	 2446.2   	 51.2
N   	T   	696   	2444   	763   	1   	696   	1   	2444   	696   	696   	1   	 5263.1   	 493.2
N   	T   	242   	2785   	5818   	1   	242   	1   	5818   	242   	242   	1   	 9164.79   	 855.7
N   	T   	2971   	62   	70   	1   	2971   	1   	70   	2971   	2971   	1   	 958.672   	 26.9
N   	T   	4000   	45   	675   	1   	4000   	1   	675   	4000   	4000   	1   	 1555.7   	 156.2
N   	T   	5324   	55   	2962   	1   	5324   	1   	2962   	5324   	5324   	1   	 4748.61   	 365.3
N   	T   	3808   	273   	36   	1   	3808   	1   	273   	3808   	3808   	1   	 2982.07   	 25.1
N   	T   	6010   	605   	834   	1   	6010   	1   	834   	6010   	6010   	1   	 9510.63   	 637.7
N   	T   	5963   	688   	6275   	1   	5963   	1   	6275   	5963   	5963   	1   	 3016.79   	 17066.8
N   	T   	3170   	2688   	76   	1   	3170   	1   	2688   	3170   	3170   	1   	 8715.92   	 148.6
N   	T   	2110   	3307   	393   	1   	2110   	1   	3307   	2110   	2110   	1   	 6407.16   	 856
N   	T   	4501   	4807   	2499   	1   	4501   	1   	4807   	4501   	4501   	1   	 3236.91   	 33407.9
N   	T   	40   	39   	54   	1   	40   	2   	54   	40   	40   	1   	 7.488   	 22.5
N   	T   	54   	79   	734   	1   	54   	2   	734   	54   	54   	1   	 47.3355   	 132.3
N   	T   	38   	29   	3251   	1   	38   	2   	3251   	38   	38   	1   	 8.33066   	 860.1
N   	T   	28   	201   	63   	1   	28   	2   	201   	28   	28   	1   	 31.1021   	 22.8
N   	T   	42   	625   	442   	1   	42   	2   	625   	42   	42   	1   	 484.447   	 47.9
N   	T   	24   	875   	5994   	1   	24   	2   	5994   	24   	24   	1   	 533.817   	 471.6
N   	T   	28   	5160   	29   	1   	28   	2   	5160   	28   	28   	1   	 436.45   	 19.2
N   	T   	78   	5068   	235   	1   	78   	2   	5068   	78   	78   	1   	 2167.94   	 85.7
N   	T   	49   	2998   	5725   	1   	49   	2   	5725   	49   	49   	1   	 1196.92   	 1405.3
N   	T   	459   	38   	58   	1   	459   	2   	58   	459   	459   	1   	 87.9683   	 23
N   	T   	601   	79   	829   	1   	601   	2   	829   	601   	601   	1   	 353.005   	 223
N   	T   	507   	79   	3758   	1   	507   	2   	3758   	507   	507   	1   	 293.639   	 1025.2
N   	T   	363   	583   	61   	1   	363   	2   	583   	363   	363   	1   	 989.224   	 26.1
N   	T   	267   	753   	684   	1   	267   	2   	753   	267   	267   	1   	 2350.75   	 117
N   	T   	773   	572   	2477   	1   	773   	2   	2477   	773   	773   	1   	 2718.01   	 805.9
N   	T   	829   	2827   	73   	1   	829   	2   	2827   	829   	829   	1   	 3571.64   	 95.8
N   	T   	708   	4288   	802   	1   	708   	2   	4288   	708   	708   	1   	 9368.2   	 519.8
N   	T   	863   	3982   	3435   	1   	863   	2   	3982   	863   	863   	1   	 3096.12   	 7625.2
N   	T   	2712   	72   	53   	1   	2712   	2   	72   	2712   	2712   	1   	 763.763   	 27.1
N   	T   	5993   	76   	327   	1   	5993   	2   	327   	5993   	5993   	1   	 2277.34   	 130.8
N   	T   	5645   	71   	6586   	1   	5645   	2   	6586   	5645   	5645   	1   	 1832.89   	 2880.3
N   	T   	6947   	602   	67   	1   	6947   	2   	602   	6947   	6947   	1   	 3620.16   	 154.8
N   	T   	5414   	621   	595   	1   	5414   	2   	621   	5414   	5414   	1   	 5699.28   	 702
N   	T   	5327   	329   	3043   	1   	5327   	2   	3043   	5327   	5327   	1   	 2484.73   	 4292.7
N   	T   	4077   	6041   	26   	1   	4077   	2   	6041   	4077   	4077   	1   	 2615.31   	 489.7
N   	T   	5014   	6312   	346   	1   	5014   	2   	6312   	5014   	5014   	1   	 19816   	 1105.2
N   	T   	5893   	5551   	5414   	1   	5893   	2   	5551   	5893   	5893   	1   	 3200.37   	 110677
T   	N   	29   	50   	36   	1   	36   	1   	36   	29   	29   	1   	 5.4375   	 19.2
T   	N   	22   	58   	858   	1   	858   	1   	858   	22   	22   	1   	 15.9943   	 136.9
T   	N   	34   	44   	2949   	1   	2949   	1   	2949   	34   	34   	1   	 20.4387   	 431.7
T   	N   	47   	380   	53   	1   	53   	1   	53   	47   	47   	1   	 84.8951   	 22.3
T   	N   	30   	596   	622   	1   	622   	1   	622   	30   	30   	1   	 353.059   	 63
T   	N   	70   	627   	3295   	1   	3295   	1   	3295   	70   	70   	1   	 614.218   	 470.9
T   	N   	27   	3446   	43   	1   	43   	1   	43   	27   	27   	1   	 439.649   	 18.2
T   	N   	67   	2145   	736   	1   	736   	1   	736   	67   	67   	1   	 1435.2   	 147.4
T   	N   	22   	6054   	2044   	1   	2044   	1   	2044   	22   	22   	1   	 1299.77   	 418.9
T   	N   	860   	79   	23   	1   	23   	1   	23   	860   	860   	1   	 157.84   	 19.8
T   	N   	251   	26   	809   	1   	809   	1   	809   	251   	251   	1   	 85.7067   	 123.2
T   	N   	312   	53   	5751   	1   	5751   	1   	5751   	312   	312   	1   	 231.778   	 820.6
T   	N   	366   	837   	75   	1   	75   	1   	75   	366   	366   	1   	 1541.99   	 29.8
T   	N   	729   	532   	844   	1   	844   	1   	844   	729   	729   	1   	 3591.08   	 182.3
T   	N   	843   	544   	5272   	1   	5272   	1   	5272   	843   	843   	1   	 3735.05   	 1294.6
T   	N   	764   	3599   	34   	1   	34   	1   	34   	764   	764   	1   	 2207.5   	 84.7
T   	N   	810   	6285   	568   	1   	568   	1   	568   	810   	810   	1   	 9926.55   	 582.6
T   	N   	822   	5542   	4735   	1   	4735   	1   	4735   	822   	822   	1   	 7005.2   	 6158.4
T   	N   	2283   	52   	28   	1   	28   	1   	28   	2283   	2283   	1   	 324.297   	 20.5
T   	N   	6161   	59   	344   	1   	344   	1   	344   	6161   	6161   	1   	 2835.46   	 88.2
T   	N   	6922   	61   	6523   	1   	6523   	1   	6523   	6922   	6922   	1   	 4420.65   	 1246.1
T   	N   	6374   	306   	20   	1   	20   	1   	20   	6374   	6374   	1   	 1688.7   	 46.2
T   	N   	6821   	604   	240   	1   	240   	1   	240   	6821   	6821   	1   	 5099.39   	 387.8
T   	N   	6036   	730   	3413   	1   	3413   	1   	3413   	6036   	6036   	1   	 7007.59   	 4292.1
T   	N   	6870   	5116   	65   	1   	65   	1   	65   	6870   	6870   	1   	 4503.79   	 1014.5
T   	N   	4460   	4467   	608   	1   	608   	1   	608   	4460   	4460   	1   	 12466.5   	 1943.3
T   	N   	4643   	2789   	3797   	1   	3797   	1   	3797   	4643   	4643   	1   	 7158.62   	 13736.9
T   	N   	54   	49   	28   	1   	28   	2   	28   	54   	54   	1   	 7.056   	 21
T   	N   	78   	39   	690   	1   	690   	2   	690   	78   	78   	1   	 41.3185   	 101.6
T   	N   	56   	45   	3569   	1   	3569   	2   	3569   	56   	56   	1   	 34.9209   	 515.1
T   	N   	62   	237   	72   	1   	72   	2   	72   	62   	62   	1   	 80.7609   	 26.2
T   	N   	65   	669   	643   	1   	643   	2   	643   	65   	65   	1   	 516.837   	 108.2
T   	N   	68   	758   	2039   	1   	2039   	2   	2039   	68   	68   	1   	 683.343   	 307.6
T   	N   	50   	4713   	47   	1   	47   	2   	47   	50   	50   	1   	 915.335   	 24.2
T   	N   	78   	3849   	378   	1   	378   	2   	378   	78   	78   	1   	 4210.91   	 53.9
T   	N   	54   	4827   	4374   	1   	4374   	2   	4374   	54   	54   	1   	 3729.53   	 611.4
T   	N   	430   	64   	61   	1   	61   	2   	61   	430   	430   	1   	 132.183   	 25.4
T   	N   	577   	33   	503   	1   	503   	2   	503   	577   	577   	1   	 249.417   	 76.8
T   	N   	830   	79   	4748   	1   	4748   	2   	4748   	830   	830   	1   	 1619.8   	 384.4
T   	N   	464   	694   	39   	1   	39   	2   	39   	464   	464   	1   	 863.136   	 29.1
T   	N   	327   	883   	453   	1   	453   	2   	453   	327   	327   	1   	 2666.66   	 98.1
T   	N   	346   	514   	5866   	1   	5866   	2   	5866   	346   	346   	1   	 4326.07   	 482.3
T   	N   	640   	6476   	57   	1   	57   	2   	57   	640   	640   	1   	 3278.9   	 144.1
T   	N   	277   	5153   	685   	1   	685   	2   	685   	277   	277   	1   	 4780.03   	 409.1
T   	N   	472   	4142   	4184   	1   	4184   	2   	4184   	472   	472   	1   	 9392.38   	 1741.8
T   	N   	4627   	78   	54   	1   	54   	2   	54   	4627   	4627   	1   	 1206.74   	 32.3
T   	N   	6916   	20   	658   	1   	658   	2   	658   	6916   	6916   	1   	 1232.42   	 147.7
T   	N   	5229   	55   	5930   	1   	5930   	2   	5930   	5229   	5229   	1   	 3172.61   	 1075.1
T   	N   	3184   	889   	52   	1   	52   	2   	52   	3184   	3184   	1   	 3102   	 94.9
T   	N   	5410   	508   	321   	1   	321   	2   	321   	5410   	5410   	1   	 6605.75   	 267.1
T   	N   	3033   	483   	5897   	1   	5897   	2   	5897   	3033   	3033   	1   	 5892.73   	 2932
T   	N   	5976   	4756   	52   	1   	52   	2   	52   	5976   	5976   	1   	 4082.13   	 724.1
T   	N   	5475   	2173   	451   	1   	451   	2   	451   	5475   	5475   	1   	 6979.68   	 1537.5
T   	N   	6710   	3104   	3113   	1   	3113   	2   	3113   	6710   	6710   	1   	 7230.35   	 17934.7
T   	T   	65   	61   	33   	1   	33   	1   	61   	65   	65   	1   	 12.8911   	 20.3
T   	T   	36   	22   	827   	1   	827   	1   	827   	36   	36   	1   	 6.72468   	 194.8
T   	T   	39   	77   	5296   	1   	5296   	1   	5296   	39   	39   	1   	 30.6758   	 1036.9
T   	T   	41   	339   	74   	1   	74   	1   	339   	41   	41   	1   	 83.62   	 24.6
T   	T   	25   	474   	712   	1   	712   	1   	712   	25   	25   	1   	 143.368   	 117.7
T   	T   	51   	882   	3427   	1   	3427   	1   	3427   	51   	51   	1   	 397.559   	 775.5
T   	T   	57   	6001   	40   	1   	40   	1   	6001   	57   	57   	1   	 1130.77   	 24.2
T   	T   	72   	2229   	241   	1   	241   	1   	2229   	72   	72   	1   	 1231.77   	 62.8
T   	T   	21   	3159   	4753   	1   	4753   	1   	4753   	21   	21   	1   	 622.341   	 1013.3
T   	T   	747   	68   	53   	1   	53   	1   	68   	747   	747   	1   	 229.122   	 23.5
T   	T   	321   	78   	592   	1   	592   	1   	592   	321   	321   	1   	 316.72   	 93.6
T   	T   	690   	25   	6711   	1   	6711   	1   	6711   	690   	690   	1   	 166.712   	 1388.8
T   	T   	364   	573   	27   	1   	27   	1   	573   	364   	364   	1   	 395.189   	 28.5
T   	T   	897   	426   	875   	1   	875   	1   	875   	897   	897   	1   	 2844.38   	 235.1
T   	T   	549   	846   	5247   	1   	5247   	1   	5247   	549   	549   	1   	 3242.62   	 1503.1
T   	T   	780   	5855   	51   	1   	51   	1   	5855   	780   	780   	1   	 3296.7   	 141.3
T   	T   	875   	3783   	831   	1   	831   	1   	3783   	875   	875   	1   	 5065.77   	 1086
T   	T   	750   	5317   	2321   	1   	2321   	1   	5317   	750   	750   	1   	 7628.11   	 2426.7
T   	T   	3849   	51   	61   	1   	61   	1   	61   	3849   	3849   	1   	 921.095   	 26
T   	T   	5831   	58   	255   	1   	255   	1   	255   	5831   	5831   	1   	 2566.68   	 67.2
T   	T   	2611   	28   	3668   	1   	3668   	1   	3668   	2611   	2611   	1   	 667.48   	 803.5
T   	T   	5441   	347   	56   	1   	56   	1   	347   	5441   	5441   	1   	 2953.34   	 71.6
T   	T   	6169   	224   	702   	1   	702   	1   	702   	6169   	6169   	1   	 4916.69   	 394.6
T   	T   	5772   	755   	6506   	1   	6506   	1   	6506   	5772   	5772   	1   	 989.025   	 57333.7
T   	T   	3430   	4954   	67   	1   	67   	1   	4954   	3430   	3430   	1   	 4332.11   	 525.6
T   	T   	5507   	2137   	664   	1   	664   	1   	2137   	5507   	5507   	1   	 7259.62   	 2152.8
T   	T   	5646   	5262   	2953   	1   	2953   	1   	5262   	5646   	5646   	1   	 7867.02   	 22303.6
T   	T   	75   	60   	44   	1   	44   	2   	60   	75   	75   	1   	 17.1429   	 23.1
T   	T   	65   	26   	222   	1   	222   	2   	222   	65   	65   	1   	 18.8533   	 39.8
T   	T   	60   	60   	5304   	1   	5304   	2   	5304   	60   	60   	1   	 32.0537   	 1191.4
T   	T   	59   	671   	59   	1   	59   	2   	671   	59   	59   	1   	 197.945   	 23.6
T   	T   	50   	279   	680   	1   	680   	2   	680   	50   	50   	1   	 281.902   	 67.3
T   	T   	27   	852   	4219   	1   	4219   	2   	4219   	27   	27   	1   	 211.839   	 916.3
T   	T   	23   	2270   	24   	1   	24   	2   	2270   	23   	23   	1   	 143.205   	 17.5
T   	T   	45   	2043   	628   	1   	628   	2   	2043   	45   	45   	1   	 1181.89   	 97.7
T   	T   	67   	3791   	4042   	1   	4042   	2   	4042   	67   	67   	1   	 2045.33   	 1003.9
T   	T   	338   	51   	61   	1   	61   	2   	61   	338   	338   	1   	 85.4893   	 24.6
T   	T   	719   	24   	268   	1   	268   	2   	268   	719   	719   	1   	 200.199   	 46.2
T   	T   	874   	43   	2215   	1   	2215   	2   	2215   	874   	874   	1   	 336.544   	 494.7
T   	T   	718   	738   	28   	1   	28   	2   	738   	718   	718   	1   	 1705.37   	 17.4
T   	T   	506   	799   	831   	1   	831   	2   	831   	506   	506   	1   	 2895.03   	 232.1
T   	T   	557   	602   	6251   	1   	6251   	2   	6251   	557   	557   	1   	 2852.54   	 1469.6
T   	T   	475   	3197   	47   	1   	47   	2   	3197   	475   	475   	1   	 2517.57   	 56.7
T   	T   	639   	4274   	208   	1   	208   	2   	4274   	639   	639   	1   	 5346.5   	 212.5
T   	T   	454   	6973   	2410   	1   	2410   	2   	6973   	454   	454   	1   	 9707.9   	 1571.8
T   	T   	4973   	74   	60   	1   	60   	2   	74   	4973   	4973   	1   	 1298.83   	 34
T   	T   	4755   	77   	497   	1   	497   	2   	497   	4755   	4755   	1   	 2530.86   	 143.8
T   	T   	6954   	21   	4159   	1   	4159   	2   	4159   	6954   	6954   	1   	 1178.3   	 1030.9
T   	T   	5419   	332   	60   	1   	60   	2   	332   	5419   	5419   	1   	 2929.35   	 73.7
T   	T   	5378   	583   	418   	1   	418   	2   	583   	5378   	5378   	1   	 11278.7   	 232.4
T   	T   	3214   	208   	3913   	1   	3913   	2   	3913   	3214   	3214   	1   	 3701.29   	 1413.5
T   	T   	6127   	3835   	37   	1   	37   	2   	3835   	6127   	6127   	1   	 3206.31   	 542.3
T   	T   	4006   	3959   	564   	1   	564   	2   	3959   	4006   	4006   	1   	 11015.2   	 1624.1
T   	T   	4986   	2344   	4515   	1   	4515   	2   	4515   	4986   	4986   	1   	 5634.02   	 18731.8
