#transA,transB,M,N,K,alpha,lda,beta,ldb,ldc,ldd,batch_count,rocblas-Gflops,us
N   	N   	57   	20   	46   	1   	57   	1   	46   	57   	57   	1   	 7.4383   	 14.1
N   	N   	32   	67   	691   	1   	32   	1   	691   	32   	32   	1   	 148.895   	 19.9
N   	N   	55   	26   	4247   	1   	55   	1   	4247   	55   	55   	1   	 121.586   	 99.9
N   	N   	62   	745   	43   	1   	62   	1   	43   	62   	62   	1   	 307.933   	 12.9
N   	N   	31   	895   	433   	1   	31   	1   	433   	31   	31   	1   	 1380.87   	 17.4
N   	N   	45   	273   	5725   	1   	45   	1   	5725   	45   	45   	1   	 1268.38   	 110.9
N   	N   	34   	3249   	31   	1   	34   	1   	31   	34   	34   	1   	 456.593   	 15
N   	N   	76   	3933   	295   	1   	76   	1   	295   	76   	76   	1   	 2910.16   	 60.6
N   	N   	31   	5727   	5346   	1   	31   	1   	5346   	31   	31   	1   	 2099.57   	 904.1
N   	N   	856   	26   	79   	1   	856   	1   	79   	856   	856   	1   	 205.64   	 17.1
N   	N   	755   	24   	483   	1   	755   	1   	483   	755   	755   	1   	 748.031   	 23.4
N   	N   	664   	34   	6850   	1   	664   	1   	6850   	664   	664   	1   	 2124.25   	 145.6
N   	N   	806   	541   	42   	1   	806   	1   	42   	806   	806   	1   	 1687.92   	 21.7
N   	N   	700   	400   	886   	1   	700   	1   	886   	700   	700   	1   	 5920.76   	 83.8
N   	N   	751   	533   	6474   	1   	751   	1   	6474   	751   	751   	1   	 7177.49   	 722.1
N   	N   	786   	2194   	65   	1   	786   	1   	65   	786   	786   	1   	 4198.18   	 53.4
N   	N   	766   	6037   	249   	1   	766   	1   	249   	766   	766   	1   	 6882.61   	 334.6
N   	N   	862   	5381   	3703   	1   	862   	1   	3703   	862   	862   	1   	 10305.4   	 3333.4
N   	N   	6264   	66   	52   	1   	6264   	1   	52   	6264   	6264   	1   	 608.148   	 70.7
N   	N   	6268   	79   	833   	1   	6268   	1   	833   	6268   	6268   	1   	 6070.32   	 135.9
N   	N   	2085   	31   	4525   	1   	2085   	1   	4525   	2085   	2085   	1   	 1882.67   	 310.7
N   	N   	5221   	406   	68   	1   	5221   	1   	68   	5221   	5221   	1   	 1451.57   	 198.6
N   	N   	5190   	465   	357   	1   	5190   	1   	357   	5190   	5190   	1   	 7999.68   	 215.4
N   	N   	3948   	468   	5608   	1   	3948   	1   	5608   	3948   	3948   	1   	 7549.78   	 2744.9
N   	N   	3287   	4387   	51   	1   	3287   	1   	51   	3287   	3287   	1   	 1573.6   	 934.7
N   	N   	6486   	3250   	506   	1   	6486   	1   	506   	6486   	6486   	1   	 11118.2   	 1918.7
N   	N   	6416   	2491   	6759   	1   	6416   	1   	6759   	6416   	6416   	1   	 10540.8   	 20496.4
N   	N   	47   	61   	76   	1   	47   	2   	76   	47   	47   	1   	 22.2339   	 19.6
N   	N   	70   	47   	682   	1   	70   	2   	682   	70   	70   	1   	 243.889   	 18.4
N   	N   	71   	44   	2495   	1   	71   	2   	2495   	71   	71   	1   	 238.725   	 65.3
N   	N   	41   	386   	30   	1   	41   	2   	30   	41   	41   	1   	 81.159   	 11.7
N   	N   	42   	290   	828   	1   	42   	2   	828   	42   	42   	1   	 925.233   	 21.8
N   	N   	68   	361   	6272   	1   	68   	2   	6272   	68   	68   	1   	 1717.4   	 179.3
N   	N   	76   	6986   	20   	1   	76   	2   	20   	76   	76   	1   	 732.326   	 29
N   	N   	23   	5264   	658   	1   	23   	2   	658   	23   	23   	1   	 1671.89   	 95.3
N   	N   	68   	4963   	3484   	1   	68   	2   	3484   	68   	68   	1   	 4162.1   	 565
N   	N   	814   	78   	38   	1   	814   	2   	38   	814   	814   	1   	 328.258   	 14.7
N   	N   	422   	72   	331   	1   	422   	2   	331   	422   	422   	1   	 776.61   	 25.9
N   	N   	776   	73   	3562   	1   	776   	2   	3562   	776   	776   	1   	 2415.08   	 167.1
N   	N   	654   	298   	65   	1   	654   	2   	65   	654   	654   	1   	 1624.1   	 15.6
N   	N   	619   	548   	807   	1   	619   	2   	807   	619   	619   	1   	 5485.85   	 99.8
N   	N   	263   	431   	5458   	1   	263   	2   	5458   	263   	263   	1   	 4285.98   	 288.7
N   	N   	307   	5171   	72   	1   	307   	2   	72   	307   	307   	1   	 1179.56   	 193.8
N   	N   	220   	2951   	463   	1   	220   	2   	463   	220   	220   	1   	 5367.66   	 112
N   	N   	840   	2475   	2567   	1   	840   	2   	2567   	840   	840   	1   	 7956.46   	 1341.5
N   	N   	5367   	32   	40   	1   	5367   	2   	40   	5367   	5367   	1   	 683.558   	 20.1
N   	N   	2804   	42   	355   	1   	2804   	2   	355   	2804   	2804   	1   	 1779.05   	 47
N   	N   	2446   	55   	3149   	1   	2446   	2   	3149   	2446   	2446   	1   	 4538.14   	 186.7
N   	N   	2060   	214   	46   	1   	2060   	2   	46   	2060   	2060   	1   	 1093.19   	 37.1
N   	N   	3142   	673   	382   	1   	3142   	2   	382   	3142   	3142   	1   	 7225.08   	 223.6
N   	N   	2887   	249   	3792   	1   	2887   	2   	3792   	2887   	2887   	1   	 7839.89   	 695.4
N   	N   	6811   	6100   	51   	1   	6811   	2   	51   	6811   	6811   	1   	 2516.51   	 1684
N   	N   	2112   	3608   	279   	1   	2112   	2   	279   	2112   	2112   	1   	 9375.99   	 453.5
N   	N   	6284   	4090   	2284   	1   	6284   	2   	2284   	6284   	6284   	1   	 11280.8   	 10407.5
N   	T   	24   	46   	59   	1   	24   	1   	59   	24   	24   	1   	 8.98428   	 14.5
N   	T   	35   	78   	835   	1   	35   	1   	835   	35   	35   	1   	 96.5911   	 47.2
N   	T   	69   	51   	5341   	1   	69   	1   	5341   	69   	69   	1   	 193.364   	 194.4
N   	T   	56   	868   	44   	1   	56   	1   	868   	56   	56   	1   	 353.513   	 12.1
N   	T   	76   	844   	855   	1   	76   	1   	855   	76   	76   	1   	 487.711   	 224.9
N   	T   	21   	288   	2915   	1   	21   	1   	2915   	21   	21   	1   	 167.904   	 210
N   	T   	23   	5646   	28   	1   	23   	1   	5646   	23   	23   	1   	 498.085   	 14.6
N   	T   	45   	2884   	637   	1   	45   	1   	2884   	45   	45   	1   	 3161.37   	 52.3
N   	T   	72   	4637   	2087   	1   	72   	1   	4637   	72   	72   	1   	 5353.62   	 260.3
N   	T   	445   	44   	74   	1   	445   	1   	74   	445   	445   	1   	 221.209   	 13.1
N   	T   	752   	57   	815   	1   	752   	1   	815   	752   	752   	1   	 2061.01   	 33.9
N   	T   	404   	50   	3830   	1   	404   	1   	3830   	404   	404   	1   	 570.967   	 271
N   	T   	342   	358   	62   	1   	342   	1   	358   	342   	342   	1   	 948.879   	 16
N   	T   	837   	731   	725   	1   	837   	1   	731   	837   	837   	1   	 7681.2   	 115.5
N   	T   	262   	753   	4760   	1   	262   	1   	4760   	262   	262   	1   	 6671.98   	 281.5
N   	T   	513   	3227   	64   	1   	513   	1   	3227   	513   	513   	1   	 2045.34   	 103.6
N   	T   	897   	4582   	801   	1   	897   	1   	4582   	897   	897   	1   	 9631.81   	 683.6
N   	T   	725   	6536   	3773   	1   	725   	1   	6536   	725   	725   	1   	 10536.4   	 3393.7
N   	T   	5333   	48   	66   	1   	5333   	1   	66   	5333   	5333   	1   	 1246.86   	 27.1
N   	T   	4054   	39   	653   	1   	4054   	1   	653   	4054   	4054   	1   	 2493.8   	 82.8
N   	T   	4188   	37   	2734   	1   	4188   	1   	2734   	4188   	4188   	1   	 3109.36   	 272.5
N   	T   	6456   	285   	59   	1   	6456   	1   	285   	6456   	6456   	1   	 2612.7   	 83.1
N   	T   	3036   	543   	864   	1   	3036   	1   	864   	3036   	3036   	1   	 8438.07   	 337.6
N   	T   	5599   	337   	5955   	1   	5599   	1   	5955   	5599   	5599   	1   	 9634.94   	 2332.4
N   	T   	2765   	2439   	67   	1   	2765   	1   	2439   	2765   	2765   	1   	 3437.33   	 262.9
N   	T   	3846   	3029   	795   	1   	3846   	1   	3029   	3846   	3846   	1   	 11360.2   	 1630.5
N   	T   	5446   	6125   	3237   	1   	5446   	1   	6125   	5446   	5446   	1   	 11422.7   	 18905.4
N   	T   	66   	28   	47   	1   	66   	2   	47   	66   	66   	1   	 10.34   	 16.8
N   	T   	42   	63   	256   	1   	42   	2   	256   	42   	42   	1   	 66.7366   	 20.3
N   	T   	50   	58   	4294   	1   	50   	2   	4294   	50   	50   	1   	 259.159   	 96.1
N   	T   	73   	248   	27   	1   	73   	2   	248   	73   	73   	1   	 69.8297   	 14
N   	T   	64   	391   	709   	1   	64   	2   	709   	64   	64   	1   	 582.661   	 60.9
N   	T   	23   	792   	5674   	1   	23   	2   	5674   	23   	23   	1   	 532.222   	 388.4
N   	T   	64   	3469   	66   	1   	64   	2   	3469   	64   	64   	1   	 1332.1   	 22
N   	T   	49   	4307   	582   	1   	49   	2   	4307   	49   	49   	1   	 3351.35   	 73.3
N   	T   	79   	6291   	3505   	1   	79   	2   	6291   	79   	79   	1   	 5975.8   	 583
N   	T   	303   	23   	25   	1   	303   	2   	25   	303   	303   	1   	 28.7975   	 12.1
N   	T   	781   	32   	285   	1   	781   	2   	285   	781   	781   	1   	 608.779   	 23.4
N   	T   	209   	54   	6161   	1   	209   	2   	6161   	209   	209   	1   	 888.034   	 156.6
N   	T   	547   	610   	44   	1   	547   	2   	610   	547   	547   	1   	 1649.6   	 17.8
N   	T   	750   	516   	761   	1   	750   	2   	761   	750   	750   	1   	 2933.34   	 200.8
N   	T   	316   	856   	6003   	1   	316   	2   	6003   	316   	316   	1   	 7913.19   	 410.4
N   	T   	316   	5623   	48   	1   	316   	2   	5623   	316   	316   	1   	 1031.31   	 165.4
N   	T   	723   	6926   	825   	1   	723   	2   	6926   	723   	723   	1   	 9372.02   	 881.6
N   	T   	393   	6310   	5666   	1   	393   	2   	6310   	393   	393   	1   	 8338.46   	 3370.1
N   	T   	4502   	27   	25   	1   	4502   	2   	27   	4502   	4502   	1   	 389.596   	 15.6
N   	T   	4033   	29   	563   	1   	4033   	2   	563   	4033   	4033   	1   	 803.5   	 163.9
N   	T   	6704   	78   	5841   	1   	6704   	2   	5841   	6704   	6704   	1   	 5773.23   	 1058.1
N   	T   	4503   	310   	41   	1   	4503   	2   	310   	4503   	4503   	1   	 1711.01   	 66.9
N   	T   	5387   	416   	791   	1   	5387   	2   	791   	5387   	5387   	1   	 9189.35   	 385.8
N   	T   	6184   	499   	4286   	1   	6184   	2   	4286   	6184   	6184   	1   	 9721.28   	 2721
N   	T   	6460   	5812   	55   	1   	6460   	2   	5812   	6460   	6460   	1   	 258.785   	 15959.2
N   	T   	3227   	5404   	346   	1   	3227   	2   	5404   	3227   	3227   	1   	 10814.2   	 1115.9
N   	T   	3977   	4459   	6382   	1   	3977   	2   	6382   	3977   	3977   	1   	 11501.8   	 19679.5
T   	N   	47   	21   	77   	1   	77   	1   	77   	47   	47   	1   	 7.37854   	 20.6
T   	N   	72   	20   	861   	1   	861   	1   	861   	72   	72   	1   	 119.215   	 20.8
T   	N   	45   	79   	4676   	1   	4676   	1   	4676   	45   	45   	1   	 99.8389   	 333
T   	N   	77   	826   	37   	1   	37   	1   	37   	77   	77   	1   	 299.78   	 15.7
T   	N   	25   	770   	779   	1   	779   	1   	779   	25   	25   	1   	 783.068   	 38.3
T   	N   	56   	203   	3431   	1   	3431   	1   	3431   	56   	56   	1   	 1663.27   	 46.9
T   	N   	21   	2620   	70   	1   	70   	1   	70   	21   	21   	1   	 484.453   	 15.9
T   	N   	78   	3216   	370   	1   	370   	1   	370   	78   	78   	1   	 2860.21   	 64.9
T   	N   	48   	2938   	5113   	1   	5113   	1   	5113   	48   	48   	1   	 1408.59   	 1023.8
T   	N   	552   	35   	35   	1   	35   	1   	35   	552   	552   	1   	 128.8   	 10.5
T   	N   	558   	65   	440   	1   	440   	1   	440   	558   	558   	1   	 723.755   	 44.1
T   	N   	316   	25   	2920   	1   	2920   	1   	2920   	316   	316   	1   	 1419.57   	 32.5
T   	N   	217   	241   	26   	1   	26   	1   	26   	217   	217   	1   	 212.457   	 12.8
T   	N   	830   	346   	798   	1   	798   	1   	798   	830   	830   	1   	 4774.37   	 96
T   	N   	529   	800   	3672   	1   	3672   	1   	3672   	529   	529   	1   	 7340.53   	 423.4
T   	N   	294   	6441   	60   	1   	60   	1   	60   	294   	294   	1   	 2321.13   	 97.9
T   	N   	774   	5636   	250   	1   	250   	1   	250   	774   	774   	1   	 5768.66   	 378.1
T   	N   	773   	6692   	4832   	1   	4832   	1   	4832   	773   	773   	1   	 9431.39   	 5300.5
T   	N   	4689   	30   	41   	1   	41   	1   	41   	4689   	4689   	1   	 720.934   	 16
T   	N   	3598   	40   	283   	1   	283   	1   	283   	3598   	3598   	1   	 2262.74   	 36
T   	N   	5286   	21   	5000   	1   	5000   	1   	5000   	5286   	5286   	1   	 1837.85   	 604
T   	N   	5437   	793   	34   	1   	34   	1   	34   	5437   	5437   	1   	 1656.41   	 177
T   	N   	5263   	568   	816   	1   	816   	1   	816   	5263   	5263   	1   	 6603.51   	 738.8
T   	N   	5973   	585   	5771   	1   	5771   	1   	5771   	5973   	5973   	1   	 11462.6   	 3518.4
T   	N   	3420   	3009   	71   	1   	71   	1   	71   	3420   	3420   	1   	 2493.67   	 586
T   	N   	2213   	2772   	654   	1   	654   	1   	654   	2213   	2213   	1   	 9162.78   	 875.7
T   	N   	2613   	6826   	5871   	1   	5871   	1   	5871   	2613   	2613   	1   	 9991.47   	 20961.3
T   	N   	63   	41   	28   	1   	28   	2   	28   	63   	63   	1   	 9.84   	 14.7
T   	N   	72   	56   	584   	1   	584   	2   	584   	72   	72   	1   	 173.139   	 27.2
T   	N   	22   	21   	2238   	1   	2238   	2   	2238   	22   	22   	1   	 11.4693   	 180.3
T   	N   	67   	443   	66   	1   	66   	2   	66   	67   	67   	1   	 301.376   	 13
T   	N   	22   	347   	626   	1   	626   	2   	626   	22   	22   	1   	 175.694   	 54.4
T   	N   	43   	838   	6154   	1   	6154   	2   	6154   	43   	43   	1   	 619.077   	 716.4
T   	N   	58   	3015   	60   	1   	60   	2   	60   	58   	58   	1   	 1172.31   	 17.9
T   	N   	56   	4156   	792   	1   	792   	2   	792   	56   	56   	1   	 3407.15   	 108.2
T   	N   	47   	4571   	6407   	1   	6407   	2   	6407   	47   	47   	1   	 1770.6   	 1554.8
T   	N   	469   	69   	34   	1   	34   	2   	34   	469   	469   	1   	 203.754   	 10.8
T   	N   	824   	68   	386   	1   	386   	2   	386   	824   	824   	1   	 1596.19   	 27.1
T   	N   	320   	50   	4078   	1   	4078   	2   	4078   	320   	320   	1   	 1526.27   	 85.5
T   	N   	515   	252   	36   	1   	36   	2   	36   	515   	515   	1   	 522.02   	 17.9
T   	N   	648   	570   	408   	1   	408   	2   	408   	648   	648   	1   	 4491.77   	 67.1
T   	N   	504   	364   	4290   	1   	4290   	2   	4290   	504   	504   	1   	 2839.71   	 554.3
T   	N   	366   	2852   	33   	1   	33   	2   	33   	366   	366   	1   	 654.254   	 105.3
T   	N   	846   	2090   	234   	1   	234   	2   	234   	846   	846   	1   	 7201.82   	 114.9
T   	N   	733   	2252   	3161   	1   	3161   	2   	3161   	733   	733   	1   	 7959.6   	 1311.1
T   	N   	6880   	42   	31   	1   	31   	2   	31   	6880   	6880   	1   	 768.906   	 23.3
T   	N   	4659   	67   	379   	1   	379   	2   	379   	4659   	4659   	1   	 1931.53   	 122.5
T   	N   	3614   	58   	3851   	1   	3851   	2   	3851   	3614   	3614   	1   	 3405.97   	 474
T   	N   	5050   	846   	58   	1   	58   	2   	58   	5050   	5050   	1   	 2532.38   	 195.7
T   	N   	6020   	353   	355   	1   	355   	2   	355   	6020   	6020   	1   	 6374.28   	 236.7
T   	N   	6135   	461   	4567   	1   	4567   	2   	4567   	6135   	6135   	1   	 7493.94   	 3447.2
T   	N   	4214   	3451   	39   	1   	39   	2   	39   	4214   	4214   	1   	 1244.72   	 911.3
T   	N   	2933   	3335   	818   	1   	818   	2   	818   	2933   	2933   	1   	 9995.39   	 1601
T   	N   	4884   	4597   	4168   	1   	4168   	2   	4168   	4884   	4884   	1   	 11483.3   	 16298.2
T   	T   	24   	27   	28   	1   	28   	1   	28   	24   	24   	1   	 1.86092   	 19.5
T   	T   	23   	56   	699   	1   	699   	1   	699   	23   	23   	1   	 82.9781   	 21.7
T   	T   	42   	64   	6559   	1   	6559   	1   	6559   	42   	42   	1   	 953.005   	 37
T   	T   	56   	545   	49   	1   	49   	1   	545   	56   	56   	1   	 165.246   	 18.1
T   	T   	21   	665   	395   	1   	395   	1   	665   	21   	21   	1   	 469.462   	 23.5
T   	T   	71   	477   	5867   	1   	5867   	1   	5867   	71   	71   	1   	 2697.86   	 147.3
T   	T   	60   	5075   	44   	1   	44   	1   	5075   	60   	60   	1   	 1185.66   	 22.6
T   	T   	41   	3433   	749   	1   	749   	1   	3433   	41   	41   	1   	 3046.94   	 69.2
T   	T   	60   	6658   	4812   	1   	4812   	1   	6658   	60   	60   	1   	 7553.23   	 509
T   	T   	634   	29   	62   	1   	62   	1   	62   	634   	634   	1   	 158.324   	 14.4
T   	T   	452   	73   	517   	1   	517   	1   	517   	452   	452   	1   	 859.392   	 39.7
T   	T   	655   	60   	6330   	1   	6330   	1   	6330   	655   	655   	1   	 2885.95   	 172.4
T   	T   	803   	742   	43   	1   	43   	1   	742   	803   	803   	1   	 124.311   	 412.2
T   	T   	419   	229   	564   	1   	564   	1   	564   	419   	419   	1   	 2061.58   	 52.5
T   	T   	742   	859   	4478   	1   	4478   	1   	4478   	742   	742   	1   	 8092.37   	 705.4
T   	T   	344   	5775   	25   	1   	25   	1   	5775   	344   	344   	1   	 182.023   	 545.7
T   	T   	443   	3982   	344   	1   	344   	1   	3982   	443   	443   	1   	 6285.08   	 193.1
T   	T   	785   	2783   	4283   	1   	4283   	1   	4283   	785   	785   	1   	 9353.14   	 2000.8
T   	T   	2953   	60   	66   	1   	66   	1   	66   	2953   	2953   	1   	 1129.84   	 20.7
T   	T   	3114   	31   	346   	1   	346   	1   	346   	3114   	3114   	1   	 1439.69   	 46.4
T   	T   	6426   	60   	2585   	1   	2585   	1   	2585   	6426   	6426   	1   	 5621.39   	 354.6
T   	T   	2310   	833   	77   	1   	77   	1   	833   	2310   	2310   	1   	 200.359   	 1479
T   	T   	2720   	439   	262   	1   	262   	1   	439   	2720   	2720   	1   	 6195.03   	 101
T   	T   	3369   	330   	5468   	1   	5468   	1   	5468   	3369   	3369   	1   	 8181.91   	 1486
T   	T   	5017   	6386   	24   	1   	24   	1   	6386   	5017   	5017   	1   	 239.492   	 6421.3
T   	T   	2895   	2428   	276   	1   	276   	1   	2428   	2895   	2895   	1   	 7978.7   	 486.3
T   	T   	6671   	6987   	4888   	1   	4888   	1   	6987   	6671   	6671   	1   	 11245   	 40521.4
T   	T   	22   	54   	72   	1   	72   	2   	72   	22   	22   	1   	 11.1086   	 15.4
T   	T   	24   	41   	522   	1   	522   	2   	522   	24   	24   	1   	 50.6057   	 20.3
T   	T   	60   	47   	2588   	1   	2588   	2   	2588   	60   	60   	1   	 654.543   	 22.3
T   	T   	31   	710   	26   	1   	26   	2   	710   	31   	31   	1   	 102.189   	 11.2
T   	T   	57   	628   	470   	1   	470   	2   	628   	57   	57   	1   	 1001.44   	 33.6
T   	T   	72   	837   	2970   	1   	2970   	2   	2970   	72   	72   	1   	 3432.1   	 104.3
T   	T   	63   	4463   	60   	1   	60   	2   	4463   	63   	63   	1   	 1466.97   	 23
T   	T   	60   	3127   	377   	1   	377   	2   	3127   	60   	60   	1   	 3179   	 44.5
T   	T   	34   	4496   	6316   	1   	6316   	2   	6316   	34   	34   	1   	 3633.07   	 531.5
T   	T   	477   	74   	32   	1   	32   	2   	74   	477   	477   	1   	 155.798   	 14.5
T   	T   	592   	53   	572   	1   	572   	2   	572   	592   	592   	1   	 952.099   	 37.7
T   	T   	402   	63   	3228   	1   	3228   	2   	3228   	402   	402   	1   	 2919.73   	 56
T   	T   	655   	686   	20   	1   	20   	2   	686   	655   	655   	1   	 105.912   	 169.7
T   	T   	601   	500   	536   	1   	536   	2   	536   	601   	601   	1   	 3996.72   	 80.6
T   	T   	605   	757   	5591   	1   	5591   	2   	5591   	605   	605   	1   	 8731.78   	 586.5
T   	T   	286   	4006   	79   	1   	79   	2   	4006   	286   	286   	1   	 153.059   	 1182.7
T   	T   	669   	5271   	793   	1   	793   	2   	5271   	669   	669   	1   	 8283.04   	 675.2
T   	T   	386   	5598   	3319   	1   	3319   	2   	5598   	386   	386   	1   	 8620.46   	 1663.9
T   	T   	6456   	47   	42   	1   	42   	2   	47   	6456   	6456   	1   	 1207.98   	 21.1
T   	T   	5867   	50   	634   	1   	634   	2   	634   	5867   	5867   	1   	 4503.24   	 82.6
T   	T   	3477   	22   	4762   	1   	4762   	2   	4762   	3477   	3477   	1   	 904.443   	 805.5
T   	T   	5436   	772   	44   	1   	44   	2   	772   	5436   	5436   	1   	 192.074   	 1922.7
T   	T   	5454   	557   	617   	1   	617   	2   	617   	5454   	5454   	1   	 8785.43   	 426.7
T   	T   	4183   	281   	6847   	1   	6847   	2   	6847   	4183   	4183   	1   	 8529.17   	 1887.2
T   	T   	4035   	6896   	59   	1   	59   	2   	6896   	4035   	4035   	1   	 246.534   	 13318.2
T   	T   	3813   	6290   	753   	1   	753   	2   	6290   	3813   	3813   	1   	 11057.2   	 3266.6
T   	T   	2297   	2172   	5477   	1   	5477   	2   	5477   	2297   	2297   	1   	 10694.6   	 5110.1
