# /home/AMD/feizheng/work/tags/rocm-3.9.0-pre/rocFFT/scripts/perf/timing.py -w /home/AMD/feizheng/work/tags/rocm-3.9.0-pre/rocFFT/build/clients/staging/rocfft-rider -o /home/AMD/feizheng/work/tags/rocm-3.9.0-pre/rocFFT/scripts/perf/MI60_rocFFT_rocm3.9/radix2_dim2_double_n1_inv_ratio_1_r2c_inplace.dat -N 10 -b 1 -x 256 -X 32768 -y 256 -Y 32768 -r 2 -D 1 -d 2 -f double -R
# dimension	xlength	ylength	nbatch	nsample	samples ...
2	256	256	1	10	9.9738e-05	8.050200000000001e-05	7.8098e-05	7.8237e-05	7.6735e-05	7.934e-05	7.3569e-05	7.342799999999999e-05	7.5292e-05	7.42e-05
2	512	512	1	10	7.3739e-05	6.93e-05	6.8799e-05	7.3779e-05	6.7938e-05	6.866899999999999e-05	6.828900000000001e-05	6.916e-05	6.88e-05	6.8369e-05
2	1024	1024	1	10	0.00017591200000000002	0.000168027	0.00016772599999999999	0.000170431	0.00016936000000000002	0.000166565	0.000170151	0.000168829	0.00016801700000000001	0.00016846800000000001
2	2048	2048	1	10	0.0006443449999999999	0.0006389049999999999	0.000643774	0.000587858	0.000592347	0.000594391	0.000643764	0.000593599	0.000593779	0.000595513
2	4096	4096	1	10	0.0028367	0.00330258	0.00269175	0.0027381700000000003	0.00316513	0.00260993	0.00264589	0.00262634	0.0025842200000000004	0.00258873
2	8192	8192	1	10	0.0112229	0.0114038	0.010715299999999999	0.0112068	0.0112547	0.011137900000000001	0.010720700000000001	0.011844	0.0113389	0.0113498
2	16384	16384	1	10	0.0467686	0.0467751	0.046792700000000007	0.0473069	0.0474324	0.0469524	0.0476426	0.0470344	0.046491500000000005	0.047502499999999996
2	32768	32768	1	10	0.20942	0.208945	0.20887899999999998	0.208874	0.20893799999999998	0.209039	0.20902600000000002	0.209233	0.20900100000000002	0.208914
