# /home/AMD/feizheng/work/tags/rocm-3.9.0-pre/rocFFT/scripts/perf/timing.py -w /home/AMD/feizheng/work/tags/rocm-3.9.0-pre/rocFFT/build/clients/staging/rocfft-rider -o /home/AMD/feizheng/work/tags/rocm-3.9.0-pre/rocFFT/scripts/perf/MI60_rocFFT_rocm3.9/radix2_dim2_double_n1_ratio_1_r2c_inplace.dat -N 10 -b 1 -x 256 -X 32768 -y 256 -Y 32768 -r 2 -D -1 -d 2 -f double -R
# dimension	xlength	ylength	nbatch	nsample	samples ...
2	256	256	1	10	0.00015668599999999998	7.1464e-05	6.7337e-05	6.92e-05	6.8519e-05	6.9782e-05	6.8449e-05	6.748700000000001e-05	8.644300000000001e-05	5.4983e-05
2	512	512	1	10	7.701500000000001e-05	7.025299999999999e-05	7.1195e-05	6.9942e-05	7.0593e-05	6.940100000000001e-05	7.0613e-05	6.987200000000001e-05	7.0143e-05	6.8639e-05
2	1024	1024	1	10	0.000361031	0.000162607	0.000161985	0.000170542	0.000164851	0.000161956	0.00016227600000000002	0.000162086	0.000160462	0.000162387
2	2048	2048	1	10	0.0006295070000000001	0.0006160919999999999	0.0006218630000000001	0.0005687930000000001	0.0005649149999999999	0.000560698	0.000836838	0.000708255	0.000682547	0.0007779970000000001
2	4096	4096	1	10	0.0032536	0.0026552	0.00269266	0.00266568	0.0024963700000000004	0.0025077600000000004	0.00245946	0.0025002	0.0024494	0.00247714
2	8192	8192	1	10	0.0102687	0.0103751	0.010357	0.0104376	0.010619199999999999	0.0104311	0.010549	0.0102024	0.01027	0.0105664
2	16384	16384	1	10	0.047456899999999996	0.04751230000000001	0.056074399999999996	0.0475097	0.047487900000000006	0.0474535	0.0478342	0.047493400000000005	0.047846400000000004	0.047409599999999996
2	32768	32768	1	10	0.225803	0.225393	0.22521100000000002	0.225613	0.22564599999999999	0.225242	0.225368	0.22544999999999998	0.225363	0.22575800000000001
