# /home/AMD/feizheng/work/tags/rocm-3.9.0-pre/rocFFT/scripts/perf/timing.py -w /home/AMD/feizheng/work/tags/rocm-3.9.0-pre/rocFFT/build/clients/staging/rocfft-rider -o /home/AMD/feizheng/work/tags/rocm-3.9.0-pre/rocFFT/scripts/perf/MI60_rocFFT_rocm3.9/radix2_dim2_double_n1_ratio_1_r2c_outofplace.dat -N 10 -b 1 -x 256 -X 32768 -y 256 -Y 32768 -r 2 -D -1 -d 2 -f double -R
# dimension	xlength	ylength	nbatch	nsample	samples ...
2	256	256	1	10	9.9488e-05	6.7858e-05	6.6766e-05	6.805799999999999e-05	6.747699999999999e-05	6.7758e-05	6.924e-05	6.838900000000001e-05	6.6135e-05	6.9741e-05
2	512	512	1	10	0.000109897	0.000118534	6.918100000000001e-05	6.9321e-05	6.872e-05	6.8759e-05	6.7848e-05	6.9051e-05	6.9141e-05	6.908100000000001e-05
2	1024	1024	1	10	0.000366461	0.000165923	0.000167486	0.00016556199999999998	0.000165973	0.000165091	0.000164541	0.00016622400000000003	0.000161475	0.000162686
2	2048	2048	1	10	0.00060457	0.000625159	0.00062051	0.000623235	0.0006087979999999999	0.000565526	0.0006450669999999999	0.0005702350000000001	0.0006416500000000001	0.000564174
2	4096	4096	1	10	0.00254045	0.00252844	0.0025643099999999998	0.0025290499999999997	0.00252577	0.0025202000000000002	0.0025362	0.0024836100000000002	0.0025384500000000003	0.00253124
2	8192	8192	1	10	0.0102875	0.0103312	0.0113562	0.0110989	0.0105093	0.010904	0.0110338	0.0107631	0.0113225	0.010970200000000001
2	16384	16384	1	10	0.0472615	0.047647300000000004	0.0472203	0.047560899999999996	0.0474491	0.0474539	0.047458799999999995	0.0476569	0.047629700000000004	0.0478656
2	32768	32768	1	10	0.22527000000000003	0.22553600000000001	0.22562100000000002	0.225183	0.225281	0.225641	0.225143	0.22544	0.22531500000000002	0.225723
