# /home/AMD/feizheng/work/tags/rocm-3.9.0-pre/rocFFT/scripts/perf/timing.py -w /home/AMD/feizheng/work/tags/rocm-3.9.0-pre/rocFFT/build/clients/staging/rocfft-rider -o /home/AMD/feizheng/work/tags/rocm-3.9.0-pre/rocFFT/scripts/perf/MI60_rocFFT_rocm3.9/radix2_dim2_double_n1_inv_ratio_1_r2c_outofplace.dat -N 10 -b 1 -x 256 -X 32768 -y 256 -Y 32768 -r 2 -D 1 -d 2 -f double -R
# dimension	xlength	ylength	nbatch	nsample	samples ...
2	256	256	1	10	8.6233e-05	6.6876e-05	6.543300000000001e-05	6.4773e-05	5.9983000000000005e-05	6.1175e-05	5.9963e-05	7.527200000000001e-05	5.9994e-05	6.0294e-05
2	512	512	1	10	7.3568e-05	6.9642e-05	6.7808e-05	6.866899999999999e-05	7.0232e-05	6.8279e-05	6.7938e-05	6.9491e-05	6.8429e-05	6.907099999999999e-05
2	1024	1024	1	10	0.00017792600000000002	0.00016938	0.000171182	0.00017299600000000002	0.00017315600000000002	0.00016987	0.00016883799999999999	0.00016705500000000002	0.00017105200000000002	0.000169901
2	2048	2048	1	10	0.0006459780000000001	0.0006352980000000001	0.000634977	0.000591545	0.000592127	0.000589221	0.000595102	0.000586466	0.0005688020000000001	0.000587618
2	4096	4096	1	10	0.00260709	0.0026218400000000003	0.00337498	0.00251284	0.00260231	0.0026180400000000003	0.00258514	0.00260896	0.0026055799999999997	0.00256005
2	8192	8192	1	10	0.011327400000000001	0.0119135	0.0113247	0.011692399999999999	0.0112099	0.0114137	0.011912200000000001	0.011398	0.0118299	0.0107103
2	16384	16384	1	10	0.047408700000000005	0.0476759	0.047301699999999995	0.0469993	0.047436500000000006	0.047926699999999996	0.0478807	0.047964	0.047109000000000005	0.057195300000000004
2	32768	32768	1	10	0.209297	0.20912	0.20871199999999998	0.208994	0.20930600000000002	0.20875800000000003	0.208597	0.20899700000000002	0.20891300000000002	0.209533
