# /home/AMD/feizheng/work/tags/rocm-3.5/rocFFT/scripts/perf/timing.py -b 1 -x 256 -X 32768 -y 256 -Y 32768 -r 2 -D -1 -d 2 -f double -I -R -N 10 -w /home/AMD/feizheng/work/tags/rocm-3.5/rocFFT/build/clients/staging -o /home/AMD/feizheng/work/tags/rocm-3.5/rocFFT/scripts/perf/dir0/radix2_dim2_double_n1_ratio_1_r2c_inplace.dat
# dimension	xlength	ylength	nbatch	nsample	samples ...
2	256	256	1	10	0.10653100000000001	8.9819e-05	7.524200000000001e-05	7.184500000000001e-05	7.2607e-05	7.0633e-05	7.2166e-05	7.2266e-05	7.0503e-05	8.254499999999999e-05
2	512	512	1	10	0.10800799999999999	7.8508e-05	7.6194e-05	7.606400000000001e-05	7.473000000000001e-05	7.6875e-05	7.6674e-05	7.5552e-05	7.481e-05	7.551199999999999e-05
2	1024	1024	1	10	0.105964	0.00017335600000000003	0.000166734	0.000168677	0.000166293	0.000166193	0.000188385	0.000167456	0.000171222	0.00016766600000000002
2	2048	2048	1	10	0.106767	0.0006362290000000001	0.00078071	0.000626811	0.000622412	0.000622402	0.000624456	0.0006239749999999999	0.0006234340000000001	0.000619376
2	4096	4096	1	10	0.112901	0.00265233	0.0026303100000000003	0.0026360000000000003	0.0026246800000000003	0.00262647	0.0026380400000000003	0.0026352899999999998	0.0026541700000000004	0.00263719
2	8192	8192	1	10	0.0368344	0.0113913	0.0114431	0.011427099999999999	0.0195652	0.011388400000000002	0.011383200000000001	0.0114165	0.0113574	0.011355700000000002
2	16384	16384	1	10	0.0629859	0.0511239	0.0511374	0.0511689	0.051150799999999996	0.051295299999999995	0.0512939	0.0513617	0.0513403	0.051288400000000005
2	32768	32768	1	10	0.238914	0.231	0.230952	0.23080900000000001	0.23094900000000002	0.231011	0.23096000000000003	0.230956	0.23097800000000002	0.230996
